#usda 1.0
(
    customLayerData = {
        string author = "Catholomew (https://sketchfab.com/Catholomew)"
        string copyright = "CC-BY-NC-4.0 (http://creativecommons.org/licenses/by-nc/4.0/)"
        string generator = "Sketchfab-16.16.0"
        string title = "Barracks - Starcraft 2"
        string url = "https://sketchfab.com/3d-models/barracks-starcraft-2-93c78642c19a49f89d92009281aeed42"
    }
    defaultPrim = "scene"
    endTimeCode = 300
    metersPerUnit = 0.01
    startTimeCode = 0
    timeCodesPerSecond = 120
    upAxis = "Y"
)

def Xform "scene" (
    assetInfo = {
        string name = "scene"
    }
    kind = "component"
)
{
    def Scope "Materials"
    {
        def Material "Material"
        {
            token outputs:surface.connect = </scene/Materials/Material/pbr_shader.outputs:surface>

            def Shader "pbr_shader"
            {
                uniform token info:id = "UsdPreviewSurface"
                color3f inputs:diffuseColor.connect = </scene/Materials/Material/tex_base.outputs:rgb>
                color3f inputs:emissiveColor.connect = </scene/Materials/Material/tex_emissive.outputs:rgb>
                float inputs:metallic = 0
                normal3f inputs:normal.connect = </scene/Materials/Material/tex_normal.outputs:rgb>
                float inputs:occlusion = 1
                float inputs:roughness = 1
                token outputs:surface
            }

            def Shader "uvset0"
            {
                uniform token info:id = "UsdPrimvarReader_float2"
                token inputs:varname = "st0"
                float2 outputs:result
            }

            def Shader "tex_base"
            {
                uniform token info:id = "UsdUVTexture"
                float4 inputs:fallback = (1, 1, 1, 1)
                asset inputs:file = @0/Material_baseColor.jpg@
                float2 inputs:st.connect = </scene/Materials/Material/uvset0.outputs:result>
                token inputs:wrapS = "repeat"
                token inputs:wrapT = "repeat"
                float outputs:a
                float3 outputs:rgb
            }

            def Shader "tex_normal"
            {
                uniform token info:id = "UsdUVTexture"
                float4 inputs:bias = (-1, -1, -1, -1)
                float4 inputs:fallback = (0, 0, 1, 1)
                asset inputs:file = @0/Material_normal.jpg@
                float4 inputs:scale = (2, 2, 2, 2)
                token inputs:sourceColorSpace = "raw"
                float2 inputs:st.connect = </scene/Materials/Material/uvset0.outputs:result>
                token inputs:wrapS = "repeat"
                token inputs:wrapT = "repeat"
                float3 outputs:rgb
            }

            def Shader "tex_emissive"
            {
                uniform token info:id = "UsdUVTexture"
                float4 inputs:fallback = (0, 0, 0, 1)
                asset inputs:file = @0/Material_emissive.jpg@
                float2 inputs:st.connect = </scene/Materials/Material/uvset0.outputs:result>
                token inputs:wrapS = "repeat"
                token inputs:wrapT = "repeat"
                float3 outputs:rgb
            }
        }
    }

    def Xform "SkinnedMeshes"
    {
        float3 xformOp:scale = (99.99614, 99.99614, 99.99614)
        uniform token[] xformOpOrder = ["xformOp:scale"]

        def Xform "Sketchfab_model"
        {
            matrix4d xformOp:transform = ( (1, 0, 0, 0), (0, 2.220446049250313e-16, -1, 0), (0, 1, 2.220446049250313e-16, 0), (0, 0, 0, 1) )
            uniform token[] xformOpOrder = ["xformOp:transform"]

            def Xform "root"
            {
                matrix4d xformOp:transform = ( (1, 0, 0, 0), (0, 1, 0, 0), (0, 0, 1, 0), (0, 0, 0, 1) )
                uniform token[] xformOpOrder = ["xformOp:transform"]

                def Xform "GLTF_SceneRootNode"
                {
                    matrix4d xformOp:transform = ( (1, 0, 0, 0), (0, 2.220446049250313e-16, 1, 0), (0, -1, 2.220446049250313e-16, 0), (0, 0, 0, 1) )
                    uniform token[] xformOpOrder = ["xformOp:transform"]

                    def Xform "Armature_93"
                    {
                        matrix4d xformOp:transform = ( (1, 0, 0, 0), (0, 1, 0, 0), (0, 0, 1, 0), (0, 0, 0, 1) )
                        uniform token[] xformOpOrder = ["xformOp:transform"]

                        def Xform "GLTF_created_0"
                        {
                            matrix4d xformOp:transform = ( (1, 0, 0, 0), (0, 1, 0, 0), (0, 0, 1, 0), (0, 0, 0, 1) )
                            uniform token[] xformOpOrder = ["xformOp:transform"]

                            def Xform "GLTF_created_0_rootJoint"
                            {
                                matrix4d xformOp:transform = ( (1, 0, 0, 0), (0, 1, 0, 0), (0, 0, 1, 0), (0, 0, 0, 1) )
                                uniform token[] xformOpOrder = ["xformOp:transform"]

                                def SkelRoot "skin0"
                                {
                                    def Skeleton "skeleton"
                                    {
                                        uniform matrix4d[] bindTransforms = [( (0, 0, 1, 0), (1, 0, 0, 0), (0, 1, 0, -0), (-0.014330826699733734, 0, -0.18854035437107086, 1) ), ( (0, 0, 1, 0), (1, 0, 0, 0), (0, 1, 0, -0), (-0.016647547483444214, 0.7112883925437927, 0.7975226044654846, 1) ), ( (0, 0, 1, 0), (1, 0, 0, 0), (0, 1, 0, -0), (-0.0009363964200019836, 0.822300136089325, -0.3415340781211853, 1) ), ( (0, 0, 1, 0), (1, 0, 0, 0), (0, 1, 0, -0), (-0.000923939049243927, 1.1641440391540527, -0.11241133511066437, 1) ), ( (0, 0, 1, 0), (1, 0, 0, 0), (0, 1, 0, -0), (-0.000923939049243927, 1.1641440391540527, -0.11241135001182556, 1) ), ( (-0.8191520267303903, -0.5735764290332483, 0, 0), (0, 0, -1, 0), (0.5735764290332483, -0.8191520267303903, 0, 0), (1.1789562648408909, 0.6804218934346088, -0.06674075126647949, 1) ), ( (0, 0.999999999999998, -4.371138828673784e-8, 0), (0.9999998807907247, 0, 0, 0), (0, -4.371138828673784e-8, -0.999999999999998, 0), (-0.307327829917928, 0.8702033210203358, -1.25358656872322, 1) ), ( (0, 0.999999999999998, -4.371138828673784e-8, 0), (0.9999998807907247, 0, 0, 0), (0, -4.371138828673784e-8, -0.999999999999998, 0), (0.3067344955522423, 0.8702033210203306, -1.2535866879325095, 1) ), ( (0.8191208464735492, -0.5735763973735589, -0.007148018085785813, 0), (0.008726119486419227, -5.621025176449973e-10, 0.9999618811480617, -0), (-0.5735545963722544, -0.8191520488987436, 0.00500509732724688, 0), (-1.2199604004015865, 0.6804219226455213, -0.06674074462699128, 0.9999999999999998) ), ( (0, 0, 1, 0), (1, 0, 0, 0), (0, 1, 0, -0), (-0.005215436220169067, 1.1560471057891846, -0.8698222637176514, 1) ), ( (0, 0, 1, 0), (1, 0, 0, 0), (0, 1, 0, -0), (1.0328187942504883, 0.7242581844329834, -0.11573249101638794, 1) ), ( (0, 0, 1, 0), (1, 0, 0, 0), (0, 1, 0, -0), (-1.0459637641906738, 0.7242581844329834, -0.11573249101638794, 1) ), ( (0, 0, 1, 0), (1, 0, 0, 0), (0, 1, 0, -0), (-0.000923939049243927, 1.1641440391540527, -0.11241135001182556, 1) ), ( (0, 0.999999999999998, -4.371138828673784e-8, 0), (0.9999998807907247, 0, 0, 0), (0, -4.371138828673784e-8, -0.999999999999998, 0), (-0.006930239138127668, 1.3993513053739977, -1.213406862391343, 1) ), ( (0, -0.9999999663001031, -0.0003054579216952583, 0), (0.9999998807907245, 0, 0, 0), (0, -0.0003054579216952583, 0.9999999663001031, 0), (0.0004327147683245219, 2.1028210708581945, -0.7877897256861305, 1) ), ( (0, -0.999999999999998, -4.371138828673784e-8, 0), (0.9999998807907247, 0, 0, 0), (0, -4.371138828673784e-8, 0.999999999999998, 0), (0.00007119774697272887, 0.5645341425481184, 1.0241902121307946, 1) ), ( (1, -2.9802322387695312e-8, 2.9802322387695312e-8, -0), (0, 0.8191517409609562, -0.5735769561862613, 0), (-0, 0.5735769561862613, 0.8191516813563083, 0), (1.0879414081573486, 2.3453952347233655, -0.8792000849622259, 1) ), ( (1, -2.9802322387695312e-8, 2.9802322387695312e-8, -0), (0, 0.8191517409609562, -0.5735769561862613, 0), (0, 0.5735769561862613, 0.8191516813563083, 0), (-1.0728750228881838, 2.385055357527649, -0.8792001998497913, 1) ), ( (-0.007148506296087661, -0.5735764813908113, -0.8191208983399593, 0), (0.9999622283803395, -5.550010840741248e-10, -0.008726718408654622, 0), (0.005005439539998394, -0.819152049673874, 0.5735546744235428, 0), (-0.006078049765633888, 0.5811011985345467, 0.7687889453676117, 0.9999999999999999) ), ( (0, 0, 1, 0), (1, 0, 0, 0), (0, 1, 0, -0), (0.004866026341915131, 0.5302349328994751, -0.2451460361480713, 1) ), ( (-7.0106751501373e-7, -0.6755195865299465, 0.7373419724049389, 0), (0.996134794099533, 0.06476639646383187, 0.059337011837646544, -0), (-0.08783830470284615, 0.7344920238802956, 0.6729084867339611, 0), (-0.8338396011238541, 2.0503717459028654, -0.9888704013971935, 1) ), ( (5.285906034419774e-7, -0.6755194150789466, 0.7373421740928535, 0), (0.9952710127594069, -0.07162330405552048, -0.06561873212872177, 0), (0.09713761513136435, 0.7338552741432639, 0.6723248532633904, -0), (0.8176409646154893, 2.0441454911055725, -0.9945744139468481, 1.0000000000000002) ), ( (0, -0.999999999999998, -4.371138828673784e-8, 0), (0.9999998807907247, 0, 0, 0), (0, -4.371138828673784e-8, 0.999999999999998, 0), (1.2972793224716992, 0.42021037080889523, -0.21340393673398816, 1) ), ( (0, -0.999999999999998, -4.371138828673784e-8, 0), (0.9999998807907247, 0, 0, 0), (0, -4.371138828673784e-8, 0.999999999999998, 0), (-1.4602037119622573, 0.42021037080889523, -0.21340393673398816, 1) ), ( (0, 0, 1, 0), (1, 0, 0, 0), (0, 1, 0, -0), (-0.005215436220169067, 0.701178252696991, -0.12030518800020218, 1) ), ( (0, -0.999999999999998, -4.371138828673784e-8, 0), (0.9999998807907247, 0, 0, 0), (0, -4.371138828673784e-8, 0.999999999999998, 0), (-0.8091254461854164, 1.2605699895074993, -1.3596205160352102, 1) ), ( (0, -0.999999999999998, -4.371138828673784e-8, 0), (0.9999998807907247, 0, 0, 0), (0, -4.371138828673784e-8, 0.999999999999998, 0), (0.8325596055317395, 1.2605699895074993, -1.3596205160352102, 1) ), ( (0, 0, 1, 0), (1, 0, 0, 0), (0, 1, 0, -0), (-1.4751461744308472, 0.2602590322494507, -1.0673167705535889, 1) ), ( (0, 0, 1, 0), (1, 0, 0, 0), (0, 1, 0, -0), (-1.4306449890136719, 0.33640483021736145, -1.0974525213241577, 1) ), ( (-0.7267898495780283, 0.08525692702236629, 0.6815480359064463, 0), (0.6867671903826015, 0.07389962943131, 0.7231111448362513, 0), (0.011284066722323346, 0.993614654796592, -0.11226116451243412, 0), (-1.363916428594432, 0.2980343690698565, -0.7217436416003088, 0.9999999999999998) ), ( (0, 0, 1, 0), (1, 0, 0, 0), (0, 1, 0, -0), (-1.794596791267395, 0.10039810836315155, -1.0703763961791992, 1) ), ( (0, 0, 1, 0), (1, 0, 0, 0), (0, 1, 0, -0), (-1.4843202829360962, 0.1003980040550232, -0.7327550053596497, 1) ), ( (0, 0, 1, 0), (1, 0, 0, 0), (0, 1, 0, -0), (-1.1332448720932007, 0.10039810836315155, -1.0595197677612305, 1) ), ( (0, 0, 1, 0), (1, 0, 0, 0), (0, 1, 0, -0), (-1.4734632968902588, 0.10039818286895752, -1.406996726989746, 1) ), ( (9.070794836009792e-9, 0.000006343581668259296, 0.9999999999597591, 0), (0.9999989090153033, -0.0014299153170488784, -4.1169662623601726e-17, 0), (0.001429915316991337, 0.9999989685797024, -0.000006343588272272616, 0), (-1.4999365130190738, 0.0729943216511597, -1.0778836930006286, 1.0000000000000002) ), ( (0, 0, 1, 0), (1, 0, 0, 0), (0, 1, 0, -0), (-1.5887579917907715, 0.26025885343551636, 0.6507439017295837, 1) ), ( (0, 0, 1, 0), (1, 0, 0, 0), (0, 1, 0, -0), (-1.5925236940383911, 0.3443903923034668, 0.6523904204368591, 1) ), ( (0.3993917359159096, 0.08356379570949563, 0.9129640551538496, -0), (0.8882750038724173, 0.21112265260752325, -0.40791513401711876, 0), (-0.22683434623847015, 0.9738811127291124, 0.01009303283022895, 0), (-1.1403338539155585, 0.30920447294916115, 0.8828769438876906, 1) ), ( (-0.4417820710796788, 1.1973963628689119e-7, 0.8971223506105303, -0), (0.8971224102151502, -1.4901158050990862e-7, 0.44178207107970735, 0), (1.865804437582403e-7, 0.9999999999999636, -4.1590466383021086e-8, 0), (-1.973783140288988, 0.10039820582288524, 0.4751816976697324, 1.0000000000000002) ), ( (-0.43919580842392086, 1.1935610839201441e-7, 0.8983913592044246, -0), (0.8983913592044018, -1.4901167073669664e-7, 0.43919580842394934, 0), (1.8629148254765118e-7, 0.9999999999999636, -4.178319651313863e-8, 0), (-1.760272697661426, 0.10039806202144586, 1.0283312112049736, 1) ), ( (-0.4417817839865147, 1.19739613058279e-7, 0.8971224901859793, -0), (0.8971224305813561, 4.82359781849228e-17, 0.441781783986521, 0), (5.289878180717255e-8, 0.9999999999999858, -1.0742109573125914e-7, 0), (-1.2071232292982759, 0.10039812563697854, 0.8148205107063475, 1.0000000000000002) ), ( (-0.4391955443929308, 1.1935605807009094e-7, 0.8983914856271353, -0), (0.8983914260225073, -3.9292712339794497e-16, 0.43919554439293707, 0), (5.2420658855607085e-8, 0.9999999999999858, -1.0722847860222113e-7, 0), (-1.4206340476803547, 0.10039824814520144, 0.26167102727287117, 1) ), ( (9.070794836009792e-9, 0.000006343581668259296, 0.9999999999597591, 0), (0.9999989090153033, -0.0014299153170488784, -4.1169662623601726e-17, 0), (0.001429915316991337, 0.9999989685797024, -0.000006343588272272616, 0), (-1.6090236166210425, 0.07298787934307302, 0.6302375481687533, 1.0000000000000002) ), ( (0, 0, 1, 0), (1, 0, 0, 0), (0, 1, 0, -0), (1.586884617805481, 0.26025885343551636, 0.6507441401481628, 1) ), ( (0, 0, 1, 0), (1, 0, 0, 0), (0, 1, 0, -0), (1.583791971206665, 0.3443903923034668, 0.6523908972740173, 1) ), ( (-0.4360716336678346, 0.08424708866951443, 0.8959597996379361, -0), (0.8796932097411584, -0.1699523994631792, 0.4441351645032603, 0), (0.18968759476487962, 0.9818445064188575, -1.8189204311386926e-7, 0), (1.1491609291900722, 0.25371459958793763, 0.9190270663210561, 1) ), ( (-0.8987002144009835, 6.451243225866224e-7, 0.4385636017754474, 0), (0.43856375078726767, 2.1579413214154405e-14, 0.8987002144013575, 0), (5.797733242799668e-7, 0.9999999999995838, -2.8292812052366273e-7, 0), (1.20524871262369, 0.10039812441550391, 0.8148203539604272, 1) ), ( (0.3291182884720114, 5.2933582954312054e-8, 0.9442886052180419, 0), (0.94428872442731, -1.4901157385980485e-7, -0.3291182884719901, 0), (1.2328854676429615e-7, 0.9999999999999751, -9.902701980323068e-8, 0), (1.7583980420338101, 0.10039804555947339, 1.0283310548379379, 1) ), ( (-0.8987006111414041, 6.451266847184577e-7, 0.438562610445065, -0), (0.438562610445065, -1.4901162468292711e-7, 0.8987006111418425, 0), (6.451266460979415e-7, 0.9999999999995617, -1.4901157421092132e-7, 0), (1.971908871613604, 0.1003982034407162, 0.47518183919390106, 1) ), ( (0.3291180179636299, 5.2933586873157266e-8, 0.9442888033714842, 0), (0.9442888033714869, 7.465281574111866e-16, -0.3291180179636308, 0), (-1.7421397040666676e-8, 0.9999999999999971, -4.998459296266362e-8, 0), (1.4187588742309571, 0.10039824301697456, 0.26167088864235694, 1) ), ( (9.284835402868046e-9, -0.0000064925931237260724, 0.9999999999578462, 0), (0.9999989085891334, 0.001430064328039787, 4.212313575642939e-16, 0), (-0.0014300643279795042, 0.9999989681516198, 0.0000064926000351825, 0), (1.5755603987895455, 0.07294268742485788, 0.6302374422576505, 1) ), ( (0, 0, 1, 0), (1, 0, 0, 0), (0, 1, 0, -0), (1.4732731580734253, 0.2602589726448059, -1.0673167705535889, 1) ), ( (0, 0, 1, 0), (1, 0, 0, 0), (0, 1, 0, -0), (1.4713343381881714, 0.33640483021736145, -1.09745192527771, 1) ), ( (0.3147359836196044, 0.669667902584223, 0.6726709637162454, 0), (0.8484636751622334, 0.11920034599294826, -0.5156557830159079, 0), (-0.42550070046388266, 0.7330321416937962, -0.5306721907266918, 0), (1.3461265544537568, 0.31725637955499303, -0.6970575146595643, 1) ), ( (0, 0, 1, 0), (1, 0, 0, 0), (0, 1, 0, -0), (1.1339293718338013, 0.10039803385734558, -1.059519648551941, 1) ), ( (0, 0, 1, 0), (1, 0, 0, 0), (0, 1, 0, -0), (1.4715889692306519, 0.10039818286895752, -1.4039764404296875, 1) ), ( (0, 0, 1, 0), (1, 0, 0, 0), (0, 1, 0, -0), (1.812206506729126, 0.10039803385734558, -1.0703765153884888, 1) ), ( (0, 0, 1, 0), (1, 0, 0, 0), (0, 1, 0, -0), (1.4824457168579102, 0.10039792954921722, -0.7195799946784973, 1) ), ( (9.283867934134873e-9, -0.000006492593126493022, 0.9999999999578462, 0), (0.9999989090153032, 0.0014299153170488782, 1.7473372488962682e-16, 0), (-0.0014299153169886017, 0.9999989685777895, 0.000006492600035182852, 0), (1.5005199188526552, 0.0729978084714947, -1.0778836180113542, 1) ), ( (0, 0, 1, 0), (1, 0, 0, 0), (0, 1, 0, -0), (-1.4138903617858887, 0.4717106223106384, -0.11400456726551056, 1) ), ( (0, 0, 1, 0), (1, 0, 0, 0), (0, 1, 0, -0), (1.3458423614501953, 0.4717106223106384, -0.11400456726551056, 1) ), ( (0, -0.999999999999998, 4.371138828673784e-8, 0), (-0.9999998807907247, 0, 0, 0), (0, -4.371138828673784e-8, -0.999999999999998, 0), (-0.8306742512376007, 1.2375845256409623, -1.4932241980784713, 1) ), ( (0, -0.999999999999998, 4.371138828673784e-8, 0), (-0.9999998807907247, 0, 0, 0), (0, -4.371138828673784e-8, -0.999999999999998, 0), (-0.8269652930539496, 1.2118425884008006, -1.5495906405872886, 1) ), ( (0, -0.999999999999998, 4.371138828673784e-8, 0), (-0.9999998807907247, 0, 0, 0), (0, -4.371138828673784e-8, -0.999999999999998, 0), (-0.8187868215099785, 1.2376441309018633, -1.4791288916845924, 1) ), ( (0.999999999999998, 0, -4.371138828673784e-8, -0), (0, -0.9999998807907247, -0, 0), (-4.371138828673784e-8, 0, -0.999999999999998, 0), (-0.8280755364764476, 1.2431523510036049, -1.554200374646564, 1) ), ( (0.999999999999998, 0, -4.371138828673784e-8, -0), (0, -0.9999998807907247, 0, 0), (-4.371138828673784e-8, 0, -0.999999999999998, 0), (0.8202887690410458, 1.2431598611879513, -1.553713595960331, 1) ), ( (0, -0.999999999999998, 4.371138828673784e-8, 0), (-0.9999998807907247, 0, 0, 0), (0, -4.371138828673784e-8, -0.999999999999998, 0), (0.8146451336568434, 1.2375927511032745, -1.4927361552474099, 1) ), ( (0, -0.999999999999998, 4.371138828673784e-8, 0), (-0.9999998807907247, 0, 0, 0), (0, -4.371138828673784e-8, -0.999999999999998, 0), (0.826531967338089, 1.237651760317665, -1.4786422793649796, 1) ), ( (0, -0.999999999999998, 4.371138828673784e-8, 0), (-0.9999998807907247, 0, 0, 0), (0, -4.371138828673784e-8, -0.999999999999998, 0), (0.8183537342126685, 1.2118508138630815, -1.5491033130119647, 1) ), ( (-0, 0.022869672626957552, 0.9997384548493524, 0), (1, -0, 0, 0), (0, 0.9997384548493524, -0.022869672626957552, 0), (0.0025565102696418762, 1.5176132411070122, -0.015273124086343778, 1) ), ( (0, -0.007092567634699187, -0.9999748480118493, 0), (1, 0, 0, 0), (0, -0.9999748480118493, 0.007092567634699187, 0), (-0.014275511726737022, 0.5325366775028522, -0.06021221107183229, 1) )]
                                        uniform token[] joints = ["n8", "n8/n9", "n8/n9/n10", "n8/n9/n10/n11", "n8/n9/n10/n11/n12", "n8/n9/n10/n11/n12/n13", "n8/n9/n10/n11/n12/n14", "n8/n9/n10/n11/n12/n15", "n8/n9/n10/n11/n12/n16", "n8/n9/n10/n11/n12/n17", "n8/n9/n10/n11/n12/n18", "n8/n9/n10/n11/n12/n19", "n8/n9/n10/n11/n20", "n8/n9/n10/n11/n20/n21", "n8/n9/n10/n11/n22", "n8/n9/n10/n11/n23", "n8/n9/n10/n11/n24", "n8/n9/n10/n11/n25", "n8/n9/n10/n11/n26", "n8/n9/n10/n11/n27", "n8/n9/n10/n11/n28", "n8/n9/n10/n11/n29", "n8/n9/n10/n11/n30", "n8/n9/n10/n11/n31", "n8/n9/n10/n11/n32", "n8/n9/n10/n11/n33", "n8/n9/n10/n11/n34", "n8/n9/n10/n35", "n8/n9/n10/n35/n36", "n8/n9/n10/n35/n36/n37", "n8/n9/n10/n35/n38", "n8/n9/n10/n35/n39", "n8/n9/n10/n35/n40", "n8/n9/n10/n35/n41", "n8/n9/n10/n35/n42", "n8/n9/n10/n43", "n8/n9/n10/n43/n44", "n8/n9/n10/n43/n44/n45", "n8/n9/n10/n43/n46", "n8/n9/n10/n43/n47", "n8/n9/n10/n43/n48", "n8/n9/n10/n43/n49", "n8/n9/n10/n43/n50", "n8/n9/n10/n51", "n8/n9/n10/n51/n52", "n8/n9/n10/n51/n52/n53", "n8/n9/n10/n51/n54", "n8/n9/n10/n51/n55", "n8/n9/n10/n51/n56", "n8/n9/n10/n51/n57", "n8/n9/n10/n51/n58", "n8/n9/n10/n59", "n8/n9/n10/n59/n60", "n8/n9/n10/n59/n60/n61", "n8/n9/n10/n59/n62", "n8/n9/n10/n59/n63", "n8/n9/n10/n59/n64", "n8/n9/n10/n59/n65", "n8/n9/n10/n59/n66", "n8/n9/n10/n67", "n8/n9/n10/n68", "n8/n9/n10/n69", "n8/n9/n10/n70", "n8/n9/n10/n71", "n8/n9/n10/n72", "n8/n9/n10/n73", "n8/n9/n10/n74", "n8/n9/n10/n75", "n8/n9/n10/n76", "n8/n9/n10/n77", "n86"]
                                        uniform matrix4d[] restTransforms = [( (0, 0, 1, 0), (1, 0, 0, 0), (0, 1, 0, 0), (-0.01433082576841116, 0, -0.18854033946990967, 1) ), ( (1, 0, 0, 0), (0, 1, 0, 0), (0, 0, 0.9999998211860657, 0), (0.9860629439353943, -0.0023167207837104797, 0.7112885117530823, 1) ), ( (0.9999998807907104, 0, 0, 0), (0, 1, 0, 0), (0, 0, 0.9999998211860657, 0), (-1.13905668258667, 0.01571114920079708, 0.11302429437637329, 1) ), ( (1, 0, 0, 0), (0, 1, 0, 0), (0, 0, 1.0000003576278687, 0), (0.2291228175163269, 0.0000124571961350739, 0.34184402227401733, 1) ), ( (0.9999999403953552, 0, 0, 0), (0, 0.9999999403953552, 0, 0), (0, 0, 1, 0), (0, 5.820766091346741e-11, 0, 1) ), ( (2.309269167292797e-8, -0.8191513907131015, -0.5735760824829422, 0), (-0.9999999769072918, 2.3092708190119993e-8, 0, 0), (0, 0.5735768346150505, -0.8191524417761564, 0), (0.04567059874534607, 1.1798802614212036, -0.4837222695350647, 1) ), ( (-1.3435878395044357e-7, -3.014575926362092e-14, 0.9999995383123362, 0), (1.7484561847956178e-7, 0.9999999999999847, 3.0145777231904355e-14, 0), (-0.9999992402890572, 1.7484546215539707e-7, -1.3435874390838176e-7, 0), (-1.141175389289856, -0.30640387535095215, -0.29394078254699707, 1) ), ( (-1.3435878395044357e-7, -3.014575926362092e-14, 0.9999995383123362, 0), (1.7484561847956178e-7, 0.9999999999999847, 3.0145777231904355e-14, 0), (-0.9999992402890572, 1.7484546215539707e-7, -1.3435874390838176e-7, 0), (-1.141175389289856, 0.30765843391418457, -0.29394078254699707, 1) ), ( (-0.007148343425808497, 0.8191211408879, -0.5735765176348243, 0), (0.9999608940499845, 0.008726410553376602, 3.5932072069279066e-9, 0), (0.0050052976462622864, -0.5735547463101354, -0.8191524720063167, 0), (0.045670606195926666, -1.219036340713501, -0.4837223291397095, 1) ), ( (0.9999999403953552, 0, 0, 0), (0, 0.9999998807907104, 0, 0), (0, 0, 0.9999999403953552, 0), (-0.7574109435081482, -0.004291496705263853, -0.008097052574157715, 1) ), ( (0.9999998807907104, 0, 0, 0), (0, 0.9999998807907104, 0, 0), (0, 0, 0.9999997019767761, 0), (-0.003321133553981781, 1.0337426662445068, -0.4398859143257141, 1) ), ( (0.9999998807907104, 0, 0, 0), (0, 0.9999998807907104, 0, 0), (0, 0, 0.9999997019767761, 0), (-0.003321133553981781, -1.0450397729873657, -0.4398859143257141, 1) ), ( (0.9999999403953552, 0, 0, 0), (0, 0.9999999403953552, 0, 0), (0, 0, 1, 0), (0, 5.820766091346741e-11, 0, 1) ), ( (-1.3435891208504138e-7, -2.0097192008582944e-14, 1.0000004919867806, 0), (1.748455875877486e-7, 0.9999998807906951, 2.0097182425498446e-14, 0), (-0.9999995979169739, 1.7484551463647595e-7, -1.3435879195885594e-7, 0), (-1.100995421409607, -0.006006300449371338, 0.235207200050354, 1) ), ( (-0.00030563801229537685, 0, -0.9999998479087774, 0), (0, 0.9999998807907104, 0, 0), (0.999999788304131, 0, -0.00030563799407792847, 0), (-0.6753784418106079, 0.0013566541019827127, 0.9386770725250244, 1) ), ( (-1.3435882445140298e-7, 0, -0.9999998959402453, 0), (0, 0.9999997615814209, 0, 0), (1.0000000747542037, 0, -1.3435884847663872e-7, 0), (1.1366016864776611, 0.000995136797428131, -0.5996099710464478, 1) ), ( (2.0228529078613843e-9, 1.0000008713647002, 7.47694868221024e-8, 0), (-0.5735768940002853, -7.582219746287569e-8, 0.819152642051754, 0), (0.8191516167211402, -7.476938432018779e-8, 0.5735761391563817, 0), (-0.7667891979217529, 1.0888656377792358, 1.1812514066696167, 1) ), ( (-7.582214323065273e-8, 1.0000000563608928, -3.738471221481632e-8, 0), (-0.5735768061633782, -3.689966622294e-8, 0.8191525817859538, 0), (0.8191518982321802, 3.738470330160635e-8, 0.5735762711729974, 0), (-0.766788899898529, -1.071951150894165, 1.2209111452102661, 1) ), ( (-0.8191205674465398, -0.007148582472950839, -0.5735761048403653, 0), (-0.008726795327379666, 0.9999621592229367, -2.4155893993335618e-8, 0), (0.5735544004467993, 0.005005461664506807, -0.8191519555037043, 0), (0.8812003135681152, -0.005154109559953213, -0.583043098449707, 1) ), ( (1, 0, 0, 0), (0, 0.9999999403953552, 0, 0), (0, 0, 1, 0), (-0.13273470103740692, 0.00578996492549777, -0.6339091658592224, 1) ), ( (0.7373426372986049, -4.0976971237190687e-7, -0.6755203642609345, 0), (0.05933696290070182, 0.9961343666332787, 0.06476676218527003, 0), (0.6729090237609326, -0.0878386211551762, 0.734492365273321, 0), (-0.8764588832855225, -0.8329156637191772, 0.886227548122406, 1) ), ( (0.7373420453410158, 2.4690320759522176e-8, -0.675519495067528, 0), (-0.06561845863510844, 0.9952711873926761, -0.07162372690732717, 0), (0.672325128263506, 0.0971377391632223, 0.7338553383441904, 0), (-0.8821629881858826, 0.8185648322105408, 0.8800012469291687, 1) ), ( (-1.3435880843457916e-7, 0, -0.9999997767309398, 0), (0, 1.0000001192092896, 0, 0), (0.9999999555448982, 0, -1.343588324598149e-7, 0), (-0.10099263489246368, 1.2982032299041748, -0.7439337372779846, 1) ), ( (-1.3435880843457916e-7, 0, -0.9999997767309398, 0), (0, 0.9999998807907104, 0, 0), (0.9999999555448982, 0, -1.343588324598149e-7, 0), (-0.10099263489246368, -1.4592797756195068, -0.7439337372779846, 1) ), ( (1, 0, 0, 0), (0, 0.9999999403953552, 0, 0), (0, 0, 1, 0), (-0.007893837988376617, -0.004291496239602566, -0.4629659056663513, 1) ), ( (-1.3435881644299107e-7, 0, -0.9999998363355925, 0), (0, 0.9999998807907104, 0, 0), (1.000000253568162, 0, -1.3435887250187446e-7, 0), (-1.247209072113037, -0.8082015514373779, 0.09642577171325684, 1) ), ( (-1.3435881644299107e-7, 0, -0.9999998363355925, 0), (0, 0.9999996423721313, 0, 0), (1.000000253568162, 0, -1.3435887250187446e-7, 0), (-1.247209072113037, 0.8334836363792419, 0.09642577171325684, 1) ), ( (1.0000001192090762, 2.383886880294685e-7, 6.080082716786253e-7, 0), (-2.3925786351830795e-7, 0.999999096835294, 0.0014299465733476336, 0), (-6.076668394711629e-7, -0.0014299467439556942, 0.9999992160443054, 0), (-0.7257826924324036, -1.474919080734253, -0.5577376484870911, 1) ), ( (1.0000001192089079, -8.659742318463722e-15, 8.73631042403353e-7, 0), (8.659740253820509e-15, 0.9999998807907104, 3.782708501509751e-21, 0), (-8.736309382584295e-7, 3.782708952443798e-21, 0.9999999999996184, 0), (-0.030135512351989746, 0.044501423835754395, 0.07614579796791077, 1) ), ( (0.6815478461282551, -0.7267900619199967, 0.08525696651316561, 0), (0.7231112317599053, 0.6867668976415034, 0.07389957519730926, 0), (-0.11226114545269515, 0.011284172966401652, 0.9936146052034086, 0), (0.37570881843566895, 0.06672809273004532, -0.03837044537067413, 1) ), ( (0.9999976754188123, -8.27950726181284e-15, -2.877960259131908e-7, 0), (8.262773550814661e-15, 0.9999998807907104, -5.820765397576371e-11, 0), (2.8779669491996174e-7, 5.8207660912277204e-11, 0.9999999999999586, 0), (-0.0030597448348999023, -0.31945037841796875, -0.15986090898513794, 1) ), ( (1.0000002384185376, -7.716053554860819e-15, -2.877967351143246e-7, 0), (7.716051715210732e-15, 1, -1.1103269810828854e-21, 0), (2.8779670080628846e-7, -1.110327113444176e-21, 1.000000119209248, 0), (0.3345617651939392, -0.009174227714538574, -0.15986104309558868, 1) ), ( (0.9999972581862989, -1.2296052364507453e-15, -2.877959058350524e-7, 0), (1.2128564185028379e-15, 0.9999998211860657, -5.820765050530229e-11, 0), (2.8779669491996174e-7, 5.8207660913291677e-11, 0.9999999999999586, 0), (0.0077970027923583984, 0.3419015407562256, -0.15986090898513794, 1) ), ( (0.9999996423720899, -6.938887187202169e-16, -2.8779656357414386e-7, 0), (6.938888427972331e-16, 0.9999998211860657, -9.984944793868675e-23, 0), (2.8779670080628846e-7, -9.984947769614645e-23, 1.000000119209248, 0), (-0.3396800756454468, 0.0016827583312988281, -0.1598607897758484, 1) ), ( (0.9999168515203524, -5.1419495527848395e-8, -6.076197810602874e-7, 0), (5.055477679417661e-8, 0.9999988584169859, -0.00142994623250992, 0), (6.077435821337075e-7, 0.0014299472552563024, 0.9999995736718085, 0), (-0.010567069053649902, -0.024790048599243164, -0.18726466596126556, 1) ), ( (1.0000001192092547, -5.039556848744991e-10, 2.636299700068726e-7, 0), (1.2698925836481895e-10, 0.9999990968939183, 0.00142990559523186, 0), (-2.6363054681165207e-7, -0.001429906277063816, 0.9999995737305543, 0), (0.9922781586647034, -1.5885307788848877, -0.5577379465103149, 1) ), ( (0.9999999999996184, 1.1548212561277617e-17, 8.736308814150107e-7, 0), (3.9303786800251924e-17, 0.9999998807907104, -5.8207647035674365e-11, 0), (-8.736309855599274e-7, 5.820766091347264e-11, 1.0000001192089079, 0), (0.0016464591026306152, -0.003765702247619629, 0.08413144946098328, 1) ), ( (0.9129639534186138, 0.39939181390788414, 0.0835636304281163, 0), (-0.40791534480977776, 0.8882751643162681, 0.21112267000298984, 0), (0.010093164541228076, -0.22683419338759866, 0.9738809061437519, 0), (0.23048657178878784, 0.45218995213508606, -0.03518586978316307, 1) ), ( (0.897122177170684, -0.44178159964306424, -2.5814478190104097e-7, 0), (0.4417818892977326, 0.8971227653700997, -2.0174772899357754e-7, 0), (3.2071562666119206e-7, 6.694860774503165e-8, 0.9999986886977613, 0), (-0.1755622774362564, -0.3850257694721222, -0.15986059606075287, 1) ), ( (0.898391493161499, -0.43919542513850124, -2.585574694003873e-7, 0), (0.4391959225221488, 0.898392510579405, -2.010427126502184e-7, 0), (3.205823837176009e-7, 6.70575309508052e-8, 0.9999986886977613, 0), (0.377587229013443, -0.17151480913162231, -0.15986081957817078, 1) ), ( (0.8971224162953755, -0.44178204718903563, -2.5821648594230753e-7, 0), (0.4417817575341556, 0.8971218280961177, -5.2664362788638414e-8, 0), (2.5491770967255e-7, -6.68289206155576e-8, 0.9999989271163593, 0), (0.16407662630081177, 0.38163459300994873, -0.1598607301712036, 1) ), ( (0.8983917873910455, -0.43919575572810127, -2.5851260792853127e-7, 0), (0.43919575572810327, 0.8983917873910803, -5.2102574292569504e-8, 0), (2.5512845322458664e-7, -6.672901578043856e-8, 0.9999992251395832, 0), (-0.389072984457016, 0.1681240200996399, -0.1598605066537857, 1) ), ( (1.00000369548794, -5.042804301060548e-8, -2.636342141837026e-7, 0), (5.005082556512672e-8, 0.9999987988709979, -0.0014299051690934172, 0), (2.6370196530387947e-7, 0.0014298885494242138, 0.9999871759771155, 0), (-0.020506560802459717, -0.020265817642211914, -0.18727093935012817, 1) ), ( (1.0000001192092547, -1.322075851949077e-10, 2.638009267354459e-7, 0), (5.094178132903969e-10, 0.9999990968939183, -0.0014299055952317762, 0), (-2.638005937932586e-7, 0.0014299062770639, 0.9999995737305541, 0), (0.9922784566879272, 1.5883442163467407, -0.5577379465103149, 1) ), ( (0.999999940390412, -9.151125273593786e-17, 0.000003144303076564885, 0), (-9.151123091795371e-17, 0.9999997019767761, 5.820763662734081e-11, 0), (-0.000003144303638810122, -5.820766091346658e-11, 1.0000001192043462, 0), (0.0016466379165649414, -0.003093123435974121, 0.08413147926330566, 1) ), ( (0.8959595425420468, -0.4360717762128583, 0.0842469185986285, 0), (0.44413550740260743, 0.879693434198173, -0.16995241819881743, 0), (-6.972532585728672e-9, 0.18968740343040633, 0.9818439873720192, 0), (0.2666362226009369, -0.43463072180747986, -0.09067579358816147, 1) ), ( (0.4385628652040758, -0.8986987498248024, -1.2634275235137776e-7, 0), (0.8987004639592864, 0.4385637016976668, -1.0957602552246715e-7, 0), (1.5388518404057514e-7, -6.548832549733071e-8, 0.9999988079070905, 0), (0.16407617926597595, -0.381636381149292, -0.15986068546772003, 1) ), ( (0.9442887143589644, 0.3291182600095643, -2.717534604671546e-7, 0), (-0.32911837771145647, 0.9442890520629504, -7.432873542685752e-8, 0), (2.321507923093757e-7, 1.5962678304264428e-7, 0.9999999999999604, 0), (0.3775866627693176, 0.17151373624801636, -0.15986083447933197, 1) ), ( (0.4385598678195411, -0.8986933275233859, -1.264143429036341e-7, 0), (0.8987005590298479, 0.4385633967748072, -2.586478348350847e-7, 0), (2.878879045397003e-7, -1.7606532621940379e-10, 0.9999998211860243, 0), (-0.1755625605583191, 0.38502445816993713, -0.15986056625843048, 1) ), ( (0.9442888468229873, 0.3291182404749101, -2.7172442645725275e-7, 0), (-0.32911824047490223, 0.9442888468230262, 7.467800278261373e-8, 0), (2.811641037800886e-7, 1.8911847596916954e-8, 0.9999997615813812, 0), (-0.3890732228755951, -0.16812598705291748, -0.1598605066537857, 1) ), ( (0.9999964237212774, -4.983201438653926e-8, -2.6379572628359306e-7, 0), (5.020936791738932e-8, 0.9999987390822977, 0.0014300338391357375, 0), (2.6372793625113375e-7, -0.0014300493522245673, 1.000009587116521, 0), (-0.02050691843032837, -0.011324405670166016, -0.18731608986854553, 1) ), ( (1.0000002384183657, 2.397419055545219e-7, 6.074960199139984e-7, 0), (-2.3887294525415807e-7, 0.9999990968352939, -0.0014299465734929262, 0), (-6.078382893496329e-7, 0.0014299469142732965, 0.9999993352534733, 0), (-0.725782573223114, 1.474732756614685, -0.5577377080917358, 1) ), ( (1.0000001192043462, 9.472896120315128e-15, 0.000003144303638810122, 0), (-9.289871323602113e-15, 0.9999998807907104, -5.820766092821553e-11, 0), (-0.0000031443027017347266, 5.820765742927026e-11, 0.9999998211811224, 0), (-0.030135273933410645, -0.001938939094543457, 0.07614588737487793, 1) ), ( (0.672670748128071, 0.3147358676599585, 0.6696678186477584, 0), (-0.5156557493521188, 0.8484635855706903, 0.11920034669134871, 0), (-0.5306722112730085, -0.42550066709561063, 0.7330320605897196, 0), (0.4003942310810089, -0.12520763278007507, -0.019148463383316994, 1) ), ( (0.9999991655349317, 7.402365836994906e-15, -2.8779636949862784e-7, 0), (-7.419116481812953e-15, 0.9999989867210388, -5.820766438178469e-11, 0), (2.877965410387747e-7, 5.820770948677624e-11, 0.9999997615813795, 0), (0.007796883583068848, -0.3393441438674927, -0.15986090898513794, 1) ), ( (0.9999998211860243, -6.594824752562576e-15, -2.8779652977108504e-7, 0), (6.561321210025908e-15, 0.9999998807907104, -1.164153357056659e-10, 0), (2.8779652977108504e-7, 1.1641532876487718e-10, 0.9999998211860243, 0), (-0.33666014671325684, -0.001684427261352539, -0.1598607301712036, 1) ), ( (0.9999975562095228, -6.086853345347985e-15, -2.877959063402313e-7, 0), (6.0701155273002554e-15, 0.9999998807907104, -5.820766091434126e-11, 0), (2.877965410387747e-7, 5.820765397369717e-11, 0.9999997615813795, 0), (-0.0030601024627685547, 0.33893322944641113, -0.15986089408397675, 1) ), ( (1.0000003576278271, -6.794612420354505e-15, -2.8779674100064116e-7, 0), (6.7778555913495336e-15, 0.9999996423721313, -5.820766091443649e-11, 0), (2.87796552306461e-7, 5.820766438193163e-11, 0.9999997019767347, 0), (0.347736656665802, 0.009172201156616211, -0.1598610281944275, 1) ), ( (1.0000058412548647, -5.263127398173599e-7, -6.078374773652786e-7, 0), (5.271783228594686e-7, 0.9999990969230768, 0.001429885105977632, 0), (6.070808879750681e-7, -0.0014298852767531739, 0.9999992161321988, 0), (-0.010567069053649902, 0.027246475219726562, -0.18726108968257904, 1) ), ( (1, 0, 0, 0), (0, 1, 0, 0), (0, 0, 1.0000003576278687, 0), (0.2275295853614807, -1.4129539728164673, -0.35058966279029846, 1) ), ( (1, 0, 0, 0), (0, 1, 0, 0), (0, 0, 1.0000003576278687, 0), (0.2275295853614807, 1.3467788696289062, -0.35058966279029846, 1) ), ( (-1.343588942918594e-7, 1.004859480640591e-14, -1.0000003727774733, 0), (1.5099581906539623e-7, -1.0000001495083914, -1.0048591212749223e-14, 0), (-1.0000008496146842, -1.5099594506614146e-7, -1.3435895835915745e-7, 0), (-1.151690125465393, -0.8297379016876221, 0.4152844548225403, 1) ), ( (-1.343588942918594e-7, 1.004859480640591e-14, -1.0000003727774733, 0), (1.5099581906539623e-7, -1.0000001495083914, -1.0048591212749223e-14, 0), (-1.0000009688239897, -1.5099596306624794e-7, -1.3435897437598197e-7, 0), (-1.2080564498901367, -0.8260290026664734, 0.38954252004623413, 1) ), ( (-1.343588942918594e-7, 1.004859480640591e-14, -1.0000003727774733, 0), (1.5099581906539623e-7, -1.0000001495083914, -1.0048591212749223e-14, 0), (-1.0000008496146842, -1.5099594506614146e-7, -1.3435895835915745e-7, 0), (-1.1375946998596191, -0.8178504705429077, 0.4153441786766052, 1) ), ( (-0.000002622608604953546, 1.0000009238701892, -2.6822119281181336e-7, 0), (2.9802702528355406e-8, -2.384205117792505e-7, -1.0000008046644204, 0), (-1.0000047385673767, -0.000002652419304638273, -1.4210922477837784e-12, 0), (-1.2126662731170654, -0.8271393179893494, 0.4208523631095886, 1) ), ( (-0.000002622586563903312, 0.9999925196155264, -2.682189386146856e-7, 0), (2.980268121181922e-8, -2.3842034124775386e-7, -1.0000000894087044, 0), (-1.0000006854516528, -0.000002652408554126825, -1.421086487959737e-12, 0), (-1.21217942237854, 0.8212251663208008, 0.4208598732948303, 1) ), ( (-1.343588942918594e-7, 1.004859480640591e-14, -1.0000003727774733, 0), (1.5099576506507686e-7, -0.9999997918804266, -1.0048587619092536e-14, 0), (-1.0000003727774618, -1.5099587306571562e-7, -1.343588942918594e-7, 0), (-1.1512019634246826, 0.8155816197395325, 0.4152926802635193, 1) ), ( (-1.343588942918594e-7, 1.004859480640591e-14, -1.0000003727774733, 0), (1.5099571106475746e-7, -0.9999994342524618, -1.004858402543585e-14, 0), (-1.0000003727774618, -1.5099587306571562e-7, -1.343588942918594e-7, 0), (-1.1371082067489624, 0.8274684548377991, 0.4153518080711365, 1) ), ( (-1.343588942918594e-7, 1.004859480640591e-14, -1.0000003727774733, 0), (1.5099571106475746e-7, -0.9999994342524618, -1.004858402543585e-14, 0), (-1.0000004919867673, -1.509958910658221e-7, -1.343589103086839e-7, 0), (-1.2075691223144531, 0.8192902207374573, 0.3895508646965027, 1) ), ( (0.999738957144556, 5.365637144372613e-12, 0.02286856439738309, 0), (-4.196751373353334e-19, 1, -2.3462936220189977e-10, 0), (-0.02286858620653521, 2.345683375745777e-10, 0.9997399105694679, 0), (0.326261043548584, 0.003492906456813216, 0.6953132748603821, 1) ), ( (6.456834355828982e-8, -0.0070912143703942875, -0.9999755374242804, 0), (0.9999999651281684, 5.175364137244287e-9, 2.99078024568189e-8, 0), (-2.9907722237841534e-8, -0.999972140045069, 0.007091225149996981, 0), (-0.014275514520704746, 0.3830143213272095, -0.060212213546037674, 1) )]
                                    }

                                    def SkelAnimation "Armature_Stand_Work_full"
                                    {
                                        uniform token[] joints = ["n8", "n8/n9", "n8/n9/n10", "n8/n9/n10/n11", "n8/n9/n10/n11/n12", "n8/n9/n10/n11/n12/n13", "n8/n9/n10/n11/n12/n14", "n8/n9/n10/n11/n12/n15", "n8/n9/n10/n11/n12/n16", "n8/n9/n10/n11/n12/n17", "n8/n9/n10/n11/n12/n18", "n8/n9/n10/n11/n12/n19", "n8/n9/n10/n11/n20", "n8/n9/n10/n11/n20/n21", "n8/n9/n10/n11/n22", "n8/n9/n10/n11/n23", "n8/n9/n10/n11/n24", "n8/n9/n10/n11/n25", "n8/n9/n10/n11/n26", "n8/n9/n10/n11/n27", "n8/n9/n10/n11/n28", "n8/n9/n10/n11/n29", "n8/n9/n10/n11/n30", "n8/n9/n10/n11/n31", "n8/n9/n10/n11/n32", "n8/n9/n10/n11/n33", "n8/n9/n10/n11/n34", "n8/n9/n10/n35", "n8/n9/n10/n35/n36", "n8/n9/n10/n35/n36/n37", "n8/n9/n10/n35/n38", "n8/n9/n10/n35/n39", "n8/n9/n10/n35/n40", "n8/n9/n10/n35/n41", "n8/n9/n10/n35/n42", "n8/n9/n10/n43", "n8/n9/n10/n43/n44", "n8/n9/n10/n43/n44/n45", "n8/n9/n10/n43/n46", "n8/n9/n10/n43/n47", "n8/n9/n10/n43/n48", "n8/n9/n10/n43/n49", "n8/n9/n10/n43/n50", "n8/n9/n10/n51", "n8/n9/n10/n51/n52", "n8/n9/n10/n51/n52/n53", "n8/n9/n10/n51/n54", "n8/n9/n10/n51/n55", "n8/n9/n10/n51/n56", "n8/n9/n10/n51/n57", "n8/n9/n10/n51/n58", "n8/n9/n10/n59", "n8/n9/n10/n59/n60", "n8/n9/n10/n59/n60/n61", "n8/n9/n10/n59/n62", "n8/n9/n10/n59/n63", "n8/n9/n10/n59/n64", "n8/n9/n10/n59/n65", "n8/n9/n10/n59/n66", "n8/n9/n10/n67", "n8/n9/n10/n68", "n8/n9/n10/n69", "n8/n9/n10/n70", "n8/n9/n10/n71", "n8/n9/n10/n72", "n8/n9/n10/n73", "n8/n9/n10/n74", "n8/n9/n10/n75", "n8/n9/n10/n76", "n8/n9/n10/n77", "n86"]
                                        quatf[] rotations.timeSamples = {
