#usda 1.0
(
    customLayerData = {
        string author = "Catholomew (https://sketchfab.com/Catholomew)"
        string copyright = "CC-BY-NC-4.0 (http://creativecommons.org/licenses/by-nc/4.0/)"
        string generator = "Sketchfab-16.16.0"
        string title = "Battlecruiser - Starcraft 2"
        string url = "https://sketchfab.com/3d-models/battlecruiser-starcraft-2-df9416031c894620a870b38615355def"
    }
    defaultPrim = "scene"
    endTimeCode = 400
    metersPerUnit = 0.01
    startTimeCode = 0
    timeCodesPerSecond = 120
    upAxis = "Y"
)

def Xform "scene" (
    assetInfo = {
        string name = "scene"
    }
    kind = "component"
)
{
    def Scope "Materials"
    {
        def Material "Material"
        {
            token outputs:surface.connect = </scene/Materials/Material/pbr_shader.outputs:surface>

            def Shader "pbr_shader"
            {
                uniform token info:id = "UsdPreviewSurface"
                color3f inputs:diffuseColor.connect = </scene/Materials/Material/tex_base.outputs:rgb>
                color3f inputs:emissiveColor.connect = </scene/Materials/Material/tex_emissive.outputs:rgb>
                float inputs:metallic = 0
                normal3f inputs:normal.connect = </scene/Materials/Material/tex_normal.outputs:rgb>
                float inputs:occlusion = 1
                float inputs:roughness = 1
                token outputs:surface
            }

            def Shader "uvset0"
            {
                uniform token info:id = "UsdPrimvarReader_float2"
                token inputs:varname = "st0"
                float2 outputs:result
            }

            def Shader "tex_base"
            {
                uniform token info:id = "UsdUVTexture"
                float4 inputs:fallback = (1, 1, 1, 1)
                asset inputs:file = @0/Material_baseColor.jpg@
                float2 inputs:st.connect = </scene/Materials/Material/uvset0.outputs:result>
                token inputs:wrapS = "repeat"
                token inputs:wrapT = "repeat"
                float outputs:a
                float3 outputs:rgb
            }

            def Shader "tex_normal"
            {
                uniform token info:id = "UsdUVTexture"
                float4 inputs:bias = (-1, -1, -1, -1)
                float4 inputs:fallback = (0, 0, 1, 1)
                asset inputs:file = @0/Material_normal.jpg@
                float4 inputs:scale = (2, 2, 2, 2)
                token inputs:sourceColorSpace = "raw"
                float2 inputs:st.connect = </scene/Materials/Material/uvset0.outputs:result>
                token inputs:wrapS = "repeat"
                token inputs:wrapT = "repeat"
                float3 outputs:rgb
            }

            def Shader "tex_emissive"
            {
                uniform token info:id = "UsdUVTexture"
                float4 inputs:fallback = (0, 0, 0, 1)
                asset inputs:file = @0/Material_emissive.jpg@
                float2 inputs:st.connect = </scene/Materials/Material/uvset0.outputs:result>
                token inputs:wrapS = "repeat"
                token inputs:wrapT = "repeat"
                float3 outputs:rgb
            }
        }
    }

    def Xform "SkinnedMeshes"
    {
        float3 xformOp:scale = (100, 100, 100)
        uniform token[] xformOpOrder = ["xformOp:scale"]

        def Xform "Sketchfab_model"
        {
            matrix4d xformOp:transform = ( (1, 0, 0, 0), (0, 2.220446049250313e-16, -1, 0), (0, 1, 2.220446049250313e-16, 0), (0, 0, 0, 1) )
            uniform token[] xformOpOrder = ["xformOp:transform"]

            def Xform "root"
            {
                matrix4d xformOp:transform = ( (1, 0, 0, 0), (0, 1, 0, 0), (0, 0, 1, 0), (0, 0, 0, 1) )
                uniform token[] xformOpOrder = ["xformOp:transform"]

                def Xform "GLTF_SceneRootNode"
                {
                    matrix4d xformOp:transform = ( (1, 0, 0, 0), (0, 2.220446049250313e-16, 1, 0), (0, -1, 2.220446049250313e-16, 0), (0, 0, 0, 1) )
                    uniform token[] xformOpOrder = ["xformOp:transform"]

                    def Xform "Armature_99"
                    {
                        matrix4d xformOp:transform = ( (1, 0, 0, 0), (0, 1, 0, 0), (0, 0, 1, 0), (0, 0, 0, 1) )
                        uniform token[] xformOpOrder = ["xformOp:transform"]

                        def Xform "GLTF_created_0"
                        {
                            matrix4d xformOp:transform = ( (1, 0, 0, 0), (0, 1, 0, 0), (0, 0, 1, 0), (0, 0, 0, 1) )
                            uniform token[] xformOpOrder = ["xformOp:transform"]

                            def Xform "GLTF_created_0_rootJoint"
                            {
                                matrix4d xformOp:transform = ( (1, 0, 0, 0), (0, 1, 0, 0), (0, 0, 1, 0), (0, 0, 0, 1) )
                                uniform token[] xformOpOrder = ["xformOp:transform"]

                                def SkelRoot "skin0"
                                {
                                    def Skeleton "skeleton"
                                    {
                                        uniform matrix4d[] bindTransforms = [( (0, 0, 1, 0), (1, 0, 0, 0), (0, 1, 0, -0), (0, 3.814697180359872e-8, -0.14638561010360718, 1) ), ( (0, 0, 1, 0), (1, 0, 0, 0), (0, 1, 0, -0), (0, 3.814697180359872e-8, 1.8205065727233887, 1) ), ( (8.673617379883886e-15, -9.313225746154624e-8, 0.9999999999999913, 0), (0.9999999999999913, 9.313225746154704e-8, 0, 0), (-9.313225746154624e-8, 0.9999999999999827, 9.313225746154704e-8, 0), (-0.0038471296195156375, -0.02025176853172857, 1.7449777107451327, 1) ), ( (0, 0, 1, 0), (1, 0, 0, 0), (0, 1, 0, -0), (0, -0.01420745812356472, 1.4677793979644775, 1) ), ( (-0.00013776507631243178, -0.00043829112929314834, 0.999999908130957, -0), (0.953983544777315, -0.29985916258070316, -3.7916557180218025e-12, 0), (0.2998591290892577, 0.9539834030167123, 0.0004594326146735491, -0), (0.7891579402715025, 0.24119548692634546, 1.374034185643999, 1) ), ( (0, 0, 1, 0), (1, 0, 0, 0), (0, 1, 0, -0), (1.2298575639724731, 0.061891086399555206, 1.460005760192871, 1) ), ( (0, 0, 1, 0), (1, 0, 0, 0), (0, 1, 0, -0), (0.5311828255653381, -0.5931662321090698, 1.584438681602478, 1) ), ( (-0.7271945652303596, 0.24341797366047263, -0.6418224838406325, 0), (-0.15299801850747657, 0.8540148332600659, 0.4972434649497881, -0), (0.6691636609438174, 0.4597899959705245, -0.5837923832008235, 0), (0.4655591345602605, 0.0496737531059506, 1.1255730060515117, 0.9999999999999999) ), ( (0, 0, 1, -0), (0.49999995439145606, -0.8660254204682771, 0, 0), (0.8660254204682771, 0.4999999245891346, -0, 0), (-2.828503384097479e-16, 7.629394153915454e-8, 0.7317873239517212, 1) ), ( (0, 0, 1, 0), (1, 0, 0, 0), (0, 1, 0, -0), (0, 3.814697180359872e-8, -0.3808545172214508, 1) ), ( (0, 0, 1, 0), (1, 0, 0, 0), (0, 1, 0, -0), (0, -0.01420745812356472, 1.4677793979644775, 1) ), ( (0.0001735628053846626, -0.0004253872139279999, 0.9999999081309446, -0), (0.9258968018458567, 0.37777631595212685, -9.307869374770037e-12, 0), (-0.3777763256186675, 0.9258967256183681, 0.0004594326125563002, 0), (-0.757206522770403, 0.25486673680007754, 1.3740344401836537, 1) ), ( (0, 0, 1, 0), (1, 0, 0, 0), (0, 1, 0, -0), (-1.2092889547348022, 0.061891086399555206, 1.4600056409835815, 1) ), ( (0, 0, 1, 0), (1, 0, 0, 0), (0, 1, 0, -0), (-0.5107741951942444, -0.5931662321090698, 1.584438681602478, 1) ), ( (0.5792278991361223, -0.405579865070758, -0.7071067752694131, 0), (-0.5735767282664436, -0.8191521808305918, -3.4739891798971107e-9, 0), (-0.5792281664841772, 0.4055797950108858, -0.7071069901209075, 0), (-0.39489003740957107, 0.049673721497038324, 1.125034448351514, 1) ), ( (0, -0.999999999999998, -4.371138828673784e-8, 0), (0.9999998807907247, 0, 0, 0), (0, -4.371138828673784e-8, 0.999999999999998, 0), (0.0012913643938539153, 0.0019938278643626827, 0.5248175264276375, 1) ), ( (-0.00020930025216686813, -0.0004089551688941958, 0.9999999081583506, -0), (0.8901886926822804, -0.45559200717619514, -4.07993013587195e-12, 0), (0.45559200043004106, 0.8901886240164101, 0.0004594028192253087, -0), (0.9151253619902777, 0.09015893724005995, -0.9356055759747858, 1) ), ( (0.00019004011691299173, -0.0004181876863226014, 0.9999999082131015, 0), (0.9104035847147609, 0.4137213931115741, 1.0371357356653872e-12, 0), (-0.4137213952249117, 0.9104034522277242, 0.00045934320899262884, 0), (-0.9166159582177442, 0.08878646343270556, -0.9356056127793346, 1) ), ( (0, 0, 1, 0), (1, 0, 0, 0), (0, 1, 0, -0), (-0.9499999284744263, -0.09202124178409576, -0.8841555714607239, 1) ), ( (0, 0, 1, 0), (1, 0, 0, 0), (0, 1, 0, -0), (-0.9500000476837158, -0.09202125668525696, -1.0351191759109497, 1) ), ( (0, -0.999999999999998, -4.371138828673784e-8, 0), (0.9999998807907247, 0, 0, 0), (0, -4.371138828673784e-8, 0.999999999999998, 0), (-0.9499999344348985, -0.09202126496613548, -1.3446003238847428, 1) ), ( (0, 0.9999999999998805, -3.4570297202658785e-7, 0), (0.9999998807907247, 0, 0, 0), (0, -3.4570297202658785e-7, -0.9999999999998805, 0), (-0.9576939394838883, -0.09272113459010309, -1.2073902763261553, 1) ), ( (0, 0, 1, 0), (1, 0, 0, 0), (0, 1, 0, -0), (0.949999988079071, -0.09202124178409576, -0.8841555714607239, 1) ), ( (0, 0, 1, 0), (1, 0, 0, 0), (0, 1, 0, -0), (0.9500000476837158, -0.09202125668525696, -1.0351191759109497, 1) ), ( (0, -0.999999999999998, -4.371138828673784e-8, 0), (0.9999998807907247, 0, 0, 0), (0, -4.371138828673784e-8, 0.999999999999998, 0), (0.9499999344348985, -0.09202126496613548, -1.3446003238847428, 1) ), ( (0, 0.9999999999998805, -3.4570297202658785e-7, 0), (0.9999998807907247, 0, 0, 0), (0, -3.4570297202658785e-7, -0.9999999999998805, 0), (0.942305750571996, -0.09272113459010309, -1.2073902763261553, 1) ), ( (0, -0.999999999999998, -4.371138828673784e-8, 0), (0.9999998807907247, 0, 0, 0), (0, -4.371138828673784e-8, 0.999999999999998, 0), (0.29383441283292616, 0.13278506051077382, -2.2386994303835244, 1) ), ( (0, 0.9999999999998805, -3.4570297202658785e-7, 0), (0.9999998807907247, 0, 0, 0), (0, -3.4570297202658785e-7, -0.9999999999998805, 0), (0.27393895102275007, 0.13097528619424198, -1.8246515249996151, 1) ), ( (0, -0.999999999999998, -4.371138828673784e-8, 0), (0.9999998807907247, 0, 0, 0), (0, -4.371138828673784e-8, 0.999999999999998, 0), (0.0165401472550455, 0.3787552233453786, -2.308830959930289, 1) ), ( (0, 0.9999999999998805, -3.4570297202658785e-7, 0), (0.9999998807907247, 0, 0, 0), (0, -3.4570297202658785e-7, -0.9999999999998805, 0), (-0.003355352040859814, 0.3769454068174277, -1.894783150330679, 1) ), ( (0, -0.999999999999998, -4.371138828673784e-8, 0), (0.9999998807907247, 0, 0, 0), (0, -4.371138828673784e-8, 0.999999999999998, 0), (-0.2935700662648599, 0.13278506051077382, -2.2386994303835244, 1) ), ( (0, 0.9999999999998805, -3.4570297202658785e-7, 0), (0.9999998807907247, 0, 0, 0), (0, -3.4570297202658785e-7, -0.9999999999998805, 0), (-0.3134655578773549, 0.13097528619424198, -1.8246515249996151, 1) ), ( (0, -0.999999999999998, -4.371138828673784e-8, 0), (0.9999998807907247, 0, 0, 0), (0, -4.371138828673784e-8, 0.999999999999998, 0), (-0.005358561700306927, -0.1312304169981088, -2.315729385390194, 1) ), ( (0, 0.9999999999998805, -3.4570297202658785e-7, 0), (0.9999998807907247, 0, 0, 0), (0, -3.4570297202658785e-7, -0.9999999999998805, 0), (-0.007562621992066861, -0.1330401915088534, -1.9016813771948664, 1) ), ( (0.17364819605019266, 0.49240395522433567, 0.8528685055577601, 0), (0.984807705414261, -0.08682415507872858, -0.15038374357019627, 0), (5.692296231846384e-8, 0.8660253581129587, -0.5000001496612705, 0), (-0.5595921973360741, 0.04510054522166894, 0.45154888032686286, 1) ), ( (0.14224418155771637, -0.09337819122167468, 0.9854172580611295, 0), (0.9848077245760832, -0.08682413121738884, -0.15038368947108105, 0), (0.09960055695566207, 0.9918376596715771, 0.0796093350802884, -0), (-0.5595922814070325, 0.045100555604963746, 0.45154886106461756, 0.9999999999999998) ), ( (-0.21037020914830423, -0.08755226531033819, 0.973693443309973, 0), (0.04239729405348127, 0.9942274285326967, 0.09855875064455305, 0), (-0.9767018844444411, 0.06201586157130052, -0.20544389372174945, 0), (-0.603230100261198, 0.028857378236521073, 0.705998355231212, 1) ), ( (0, 0, 1, 0), (1, 0, 0, 0), (0, 1, 0, -0), (-0.8915512561798096, -0.2948184311389923, -0.38390854001045227, 1) ), ( (0, -0.6427875502436794, 0.7660444671263543, 0), (1, 0, -0, 0), (0, 0.7660444671263543, 0.6427875502436794, 0), (-0.8915513157844545, -0.2948184538741378, -0.3839085321669078, 1) ), ( (-2.71480583807499e-7, -0.5735733882153602, 0.8191542817418479, 0), (-0.9999999999995567, 6.536778375427246e-7, 1.2629081778285575e-7, 0), (-6.078999481561279e-7, -0.8191542817414162, -0.5735733882154608, 0), (-0.8986799537417318, -0.3129511785418888, -0.12586937681579236, 0.9999999999999999) ), ( (0.1736482016713154, 0.49240387233095173, 0.8528685301138643, 0), (0.9848077070505807, -0.08682415266759635, -0.1503837236470426, 0), (5.736989571968354e-8, 0.8660253805184118, -0.50000006722028, 0), (-0.5595922371992444, 0.04757761451380525, 0.03755179376578613, 1) ), ( (0.14224426953531674, -0.0933781818761316, 0.9854172383164251, 0), (0.9848077010528759, -0.08682413196305665, -0.1503837579800545, 0), (0.09960055749291126, 0.991837723548796, 0.07960930352860747, -0), (-0.5595921762221612, 0.047577603721924204, 0.03755180259233519, 1) ), ( (-0.21037019413109062, -0.08755216035427787, 0.9736935251059277, 0), (0.04239758890980384, 0.9942275385985515, 0.09855868638199587, 0), (-0.9767019803681706, 0.062016099136558187, -0.20544392962481967, 0), (-0.6020723054548361, 0.03461707917964366, 0.2976870815958702, 1) ), ( (0, 0, 1, 0), (1, 0, 0, 0), (0, 1, 0, -0), (-0.3766573369503021, 0.3308144807815552, -0.27185869216918945, 1) ), ( (0, -0.5735764290332483, 0.8191520267303903, 0), (1, 0, -0, 0), (0, 0.8191520267303903, 0.5735764290332483, 0), (-0.3766573369503021, 0.3308144773627297, -0.2718587100461471, 1) ), ( (0.00000218301995795265, -0.000002294778635369643, 0.9999998807807151, 0), (0.7071067932883599, 0.7071067932879596, 8.940705447781066e-8, 0), (-0.7071067336766267, 0.7071067336762736, 0.000003159046097934173, 0), (-0.3666508291497473, 0.3588883482433603, -0.005921169238654896, 0.9999999999999998) ), ( (0, 0, 1, 0), (1, 0, 0, 0), (0, 1, 0, -0), (0.3893119990825653, 0.3308292627334595, -0.271838903427124, 1) ), ( (0, -0.6427875502436794, 0.7660444671263543, 0), (1, 0, -0, 0), (-0, 0.7660444671263543, 0.6427875502436794, 0), (0.38931202888488764, 0.3308292961176709, -0.2718389187332398, 1) ), ( (-0.0000024605543067928455, -0.000002413988064073925, 0.9999999999881837, -0), (0.7071070317063611, -0.707106435660379, 8.940705508720656e-8, 0), (0.7071064356517303, 0.7071071509075915, 0.0000034272670871051586, -0), (0.36746624163032654, 0.35759295081844067, -0.0059210812811454645, 1) ), ( (-0.17364839354894185, 0.49240392200157274, 0.8528684886004525, 0), (0.9848078231290377, 0.08682419362783998, 0.15038392341288406, 0), (2.314518172973665e-8, 0.866025346676299, -0.5000000662318913, 0), (0.5596090494325241, 0.042430949774860185, 0.03718665991004126, 0.9999999999999999) ), ( (-0.1422444158897423, -0.0933777627554019, 0.9854172700240463, 0), (0.9848077838236784, 0.08682416251202714, 0.15038387665297584, -0), (-0.09960053958747324, 0.9918376714338742, 0.07960894265994503, 0), (0.559609014961539, 0.04243095007544108, 0.03718668261635278, 1) ), ( (0.19675370786138618, -0.04844346301474092, 0.9792556231708649, 0), (0.1593750571082073, -0.9839146056015988, -0.08069590344722362, 0), (0.9674130809057958, 0.17194606290423714, -0.1858681742793058, 0), (0.6182726811951955, 0.04393489644492657, 0.2939202692574454, 1) ), ( (-0.17364828005054841, 0.4924039287281885, 0.8528685665100642, 0), (0.9848079237663834, 0.0868241994315991, 0.1503838089691955, -0), (-4.648357887460561e-8, 0.8660254372583579, -0.5000000721820917, 0), (0.5596089334407912, 0.045564503773230014, 0.4537674718533046, 1) ), ( (-0.1422442843109884, -0.09337776579834177, 0.9854173726674522, 0), (0.9848078289319868, 0.08682416616702975, 0.15038374106157856, -0), (-0.09960051665215224, 0.9918377947991378, 0.07960894754074853, 0), (0.5596090066065156, 0.045564530020561454, 0.45376751328554, 1.0000000000000002) ), ( (0.1967541170388066, -0.0484438272717525, 0.9792555404404213, 0), (0.15937513278756968, -0.9839145507231529, -0.08069635673920914, 0), (0.9674128137533093, 0.1719463049543743, -0.18586847999224843, 0), (0.6207881171306958, 0.039935044751389544, 0.6981456315793116, 1) ), ( (0, 0, 1, 0), (1, 0, 0, 0), (0, 1, 0, -0), (0.8886511921882629, -0.30985063314437866, -0.41740697622299194, 1) ), ( (0, -0.6427875502436794, 0.7660444671263543, 0), (1, 0, -0, 0), (-0, 0.7660444671263543, 0.6427875502436794, 0), (0.8886512517929077, -0.309850629894228, -0.4174069863631962, 1) ), ( (-5.819244610858625e-7, -0.5735733882151893, 0.8191542817416444, 0), (-0.9999999999995569, 5.987167625589133e-7, -2.9117399148620285e-7, 0), (-3.2343160451156e-7, -0.8191542817416202, -0.5735733882156319, 0), (0.8919620198816739, -0.31295116716395227, -0.12586923776568695, 1) ), ( (0, -0.999999999999998, 4.371138828673784e-8, 0), (-0.9999998807907247, 0, 0, 0), (0, -4.371138828673784e-8, -0.999999999999998, 0), (-0.0048478319118521315, 0.3775734660783233, -1.9141268895206176, 1) ), ( (0, -0.999999999999998, 4.371138828673784e-8, 0), (-0.9999998807907247, -0, 0, 0), (0, -4.371138828673784e-8, -0.999999999999998, 0), (-0.0048478319118521315, -0.13775026224465844, -1.9141268669951021, 1) ), ( (0, -0.999999999999998, 4.371138828673784e-8, 0), (-0.9999998807907247, -0, 0, 0), (0, -4.371138828673784e-8, -0.999999999999998, 0), (-0.0048478319118521315, -0.1411558035494687, -1.916946404962696, 1) ), ( (0, -0.999999999999998, 4.371138828673784e-8, 0), (-0.9999998807907247, 0, 0, 0), (0, -4.371138828673784e-8, -0.999999999999998, 0), (0.29671865144745685, 0.14812643254626182, -1.8352110450642893, 1) ), ( (0, -0.999999999999998, 4.371138828673784e-8, 0), (-0.9999998807907247, 0, 0, 0), (0, -4.371138828673784e-8, -0.999999999999998, 0), (0.29671865144745685, 0.14472095084610676, -1.838030344613307, 1) ), ( (0, -0.999999999999998, 4.371138828673784e-8, 0), (-0.9999998807907247, 0, 0, 0), (0, -4.371138828673784e-8, -0.999999999999998, 0), (-0.2922813245914787, 0.14812643254626182, -1.8352110450642893, 1) ), ( (0, -0.999999999999998, 4.371138828673784e-8, 0), (-0.9999998807907247, 0, 0, 0), (0, -4.371138828673784e-8, -0.999999999999998, 0), (-0.2922813245914787, 0.14472096574726795, -1.8380303446133077, 1) ), ( (0, -0.999999999999998, 4.371138828673784e-8, 0), (-0.9999998807907247, 0, 0, 0), (0, -4.371138828673784e-8, -0.999999999999998, 0), (-0.0048478319118521315, 0.37416807378512495, -1.9169464274882182, 1) ), ( (0, 0, 1, 0), (1, 0, 0, 0), (0, 1, 0, -0), (0.22601181268692017, 0.31848281621932983, 0.22898763418197632, 1) ), ( (0, 0, 1, 0), (1, 0, 0, 0), (0, 1, 0, -0), (0.22601181268692017, 0.31848281621932983, 0.6029936671257019, 1) ), ( (0, 0, 1, 0), (1, 0, 0, 0), (0, 1, 0, -0), (-0.23176637291908264, 0.3194328546524048, 0.6029936671257019, 1) ), ( (0, 0, 1, 0), (1, 0, 0, 0), (0, 1, 0, -0), (-0.23176637291908264, 0.3194328546524048, 0.22898763418197632, 1) ), ( (0, 0, 1, 0), (1, 0, 0, 0), (0, 1, 0, -0), (-1.072539210319519, 0.10213157534599304, -0.8075071573257446, 1) ), ( (0, 0, 1, 0), (1, 0, 0, 0), (0, 1, 0, -0), (1.0699973106384277, 0.10213157534599304, -0.8075071573257446, 1) ), ( (0, 0, 1, 0), (1, 0, 0, 0), (0, 1, 0, -0), (-0.013764314353466034, 0.1295519769191742, -0.8980801105499268, 1) ), ( (0, -0.03106260672237879, 0.9995174408043391, 0), (1, 0, -0, 0), (0, 0.9995174408043391, 0.03106260672237879, 0), (-0.06426680088043213, -0.36769682167882, -0.0387606328130539, 1) ), ( (0, 0, 1, 0), (1, 0, 0, 0), (0, 1, 0, -0), (-0.03063385933637619, -0.8045060634613037, -0.7238228917121887, 1) ), ( (-0.06606779551110996, -0.05434855007625078, 0.9963338838220652, -0), (0.997736849411395, -0.01610040541353242, 0.0652825810463786, 0), (0.012493366596615674, 0.9983922027051381, 0.05528927148410383, -0), (0.003804025548787054, 1.0342876451202896, -0.5943904891656918, 1.0000000000000002) ), ( (0, 0, 1, 0), (1, 0, 0, 0), (0, 1, 0, -0), (-0.006358817219734192, -0.24099044501781464, -0.3688109815120697, 1) ), ( (0, -0.999999999999998, -4.371138828673784e-8, 0), (0.9999998807907247, 0, 0, 0), (0, -4.371138828673784e-8, 0.999999999999998, 0), (-1.3619716928038963, 0.21068710070371116, -1.0184965041572736, 1) ), ( (0, -0.999999999999998, -4.371138828673784e-8, 0), (0.9999998807907247, 0, 0, 0), (0, -4.371138828673784e-8, 0.999999999999998, 0), (-1.4326987942816263, -0.6301057489562069, -1.0184965409094962, 1) ), ( (0, -0.999999999999998, -4.371138828673784e-8, 0), (0.9999998807907247, 0, 0, 0), (0, -4.371138828673784e-8, 0.999999999999998, 0), (1.4638541383917167, -0.6301057489562069, -1.0184965409094962, 1) ), ( (0, -0.999999999999998, -4.371138828673784e-8, 0), (0.9999998807907247, 0, 0, 0), (0, -4.371138828673784e-8, 0.999999999999998, 0), (1.3849995869398608, 0.21443489175557576, -1.0184965039934524, 1) ), ( (0, 0, 1, 0), (1, 0, 0, 0), (0, 1, 0, -0), (0.004772566258907318, -0.04098106920719147, 1.4329547882080078, 1) ), ( (-0, 0.5735763322512155, 0.8191521183644773, 0), (1, -0, 0, 0), (0, 0.8191521183644773, -0.5735763322512155, 0), (0.004772566258907317, -0.011446498261071775, 1.4927892364409165, 1) ), ( (-7.450580093607212e-8, -0.9999998807901431, 7.589670709825089e-7, 0), (-0.9999997615814666, 7.450585008219775e-8, 7.450580093607212e-8, 0), (-7.450585008219775e-8, -7.589670598802702e-7, -0.9999998807901431, 0), (0.004064678829493482, 0.03216242351561271, 1.570348646920098, 1) ), ( (-0.8297180043002155, 0.28688626305521453, -0.47881570101056126, 0), (-0.2937215106705627, 0.5050436268616676, 0.8115778685991695, -0), (0.4746532532135908, 0.8140192113513195, -0.3347791109150219, 0), (0.5043452556494328, 0.2986992799737789, -0.24870595920002608, 0.9999999999999999) ), ( (0.5708295816156079, -0.09830634905054644, -0.8151623909537319, 0), (-0.6880496399536594, -0.5990288447221392, -0.40957587183983085, 0), (-0.4480418188546749, 0.7946700569753178, -0.40958334884055975, 0), (-0.485746264768905, 0.298699307520438, -0.24924448230877552, 0.9999999999999999) ), ( (0.004041132050618982, 0.9997700375527864, 0.02105882744458157, 0), (-0.9999917194572342, 0.004045217717232311, -0.0001513960522077874, 0), (-0.00023654870597249487, -0.02105802987053276, 0.9997782428363207, 0), (-1.1030956807641874, -0.20984698132387772, -0.357993324612588, 0.9999999999999998) ), ( (0.004041132050618982, 0.9997700375527864, 0.02105882744458157, 0), (-0.9999917194572342, 0.004045217717232311, -0.0001513960522077874, 0), (-0.00023654870597249487, -0.02105802987053276, 0.9997782428363207, 0), (1.1076407525324017, -0.20984697510443612, -0.35799328896414595, 0.9999999999999998) )]
                                        uniform token[] joints = ["n16", "n16/n17", "n16/n17/n18", "n16/n19", "n16/n19/n20", "n16/n19/n21", "n16/n19/n22", "n16/n19/n23", "n16/n24", "n16/n25", "n16/n26", "n16/n26/n27", "n16/n26/n28", "n16/n26/n29", "n16/n26/n30", "n16/n31", "n16/n32", "n16/n33", "n16/n34", "n16/n34/n35", "n16/n34/n35/n36", "n16/n34/n35/n36/n37", "n16/n38", "n16/n38/n39", "n16/n38/n39/n40", "n16/n38/n39/n40/n41", "n16/n42", "n16/n42/n43", "n16/n44", "n16/n44/n45", "n16/n46", "n16/n46/n47", "n16/n48", "n16/n48/n49", "n16/n50", "n16/n50/n51", "n16/n50/n51/n52", "n16/n53", "n16/n53/n54", "n16/n53/n54/n55", "n16/n56", "n16/n56/n57", "n16/n56/n57/n58", "n16/n59", "n16/n59/n60", "n16/n59/n60/n61", "n16/n62", "n16/n62/n63", "n16/n62/n63/n64", "n16/n65", "n16/n65/n66", "n16/n65/n66/n67", "n16/n68", "n16/n68/n69", "n16/n68/n69/n70", "n16/n71", "n16/n71/n72", "n16/n71/n72/n73", "n16/n74", "n16/n75", "n16/n76", "n16/n77", "n16/n78", "n16/n79", "n16/n80", "n16/n81", "n16/n82", "n16/n83", "n16/n84", "n16/n85", "n16/n86", "n16/n87", "n16/n88", "n16/n89", "n16/n90", "n16/n91", "n16/n92", "n16/n93", "n16/n94", "n16/n95", "n16/n96", "n16/n97", "n16/n98", "n16/n99", "n16/n100", "n16/n101", "n16/n102", "n16/n103"]
