#usda 1.0
(
    customLayerData = {
        string author = "Catholomew (https://sketchfab.com/Catholomew)"
        string copyright = "CC-BY-NC-4.0 (http://creativecommons.org/licenses/by-nc/4.0/)"
        string generator = "Sketchfab-15.73.0"
        string title = "Goliath - Starcraft 2 - Blackops"
        string url = "https://sketchfab.com/3d-models/goliath-starcraft-2-blackops-1186d1e1393d460cb4bc1e766582db13"
    }
    defaultPrim = "scene"
    endTimeCode = 1200
    metersPerUnit = 0.01
    startTimeCode = 0
    timeCodesPerSecond = 120
    upAxis = "Y"
)

def Xform "scene" (
    assetInfo = {
        string name = "scene"
    }
    kind = "component"
)
{
    def Scope "Materials"
    {
        def Material "Material_001"
        {
            token outputs:surface.connect = </scene/Materials/Material_001/pbr_shader.outputs:surface>

            def Shader "pbr_shader"
            {
                uniform token info:id = "UsdPreviewSurface"
                color3f inputs:diffuseColor = (0, 0, 0)
                color3f inputs:emissiveColor.connect = </scene/Materials/Material_001/tex_emissive.outputs:rgb>
                float inputs:metallic = 1
                float inputs:roughness = 1
                token outputs:surface
            }

            def Shader "uvset0"
            {
                uniform token info:id = "UsdPrimvarReader_float2"
                token inputs:varname = "st0"
                float2 outputs:result
            }

            def Shader "tex_emissive"
            {
                uniform token info:id = "UsdUVTexture"
                float4 inputs:fallback = (1, 1, 1, 1)
                asset inputs:file = @0/Material.001_baseColor.jpg@
                float2 inputs:st.connect = </scene/Materials/Material_001/uvset0.outputs:result>
                token inputs:wrapS = "repeat"
                token inputs:wrapT = "repeat"
                float outputs:a
                float3 outputs:rgb
            }
        }
    }

    def Xform "SkinnedMeshes"
    {
        float3 xformOp:scale = (100, 100, 100)
        uniform token[] xformOpOrder = ["xformOp:scale"]

        def Xform "Sketchfab_model"
        {
            matrix4d xformOp:transform = ( (0.8922836780548096, 0, 0, 0), (0, 1.9812677677473402e-16, -0.8922836780548096, 0), (0, 0.8922836780548096, 1.9812677677473402e-16, 0), (0, 0, 0, 1) )
            uniform token[] xformOpOrder = ["xformOp:transform"]

            def Xform "root"
            {
                matrix4d xformOp:transform = ( (1, 0, 0, 0), (0, 1, 0, 0), (0, 0, 1, 0), (0, 0, 0, 1) )
                uniform token[] xformOpOrder = ["xformOp:transform"]

                def Xform "GLTF_SceneRootNode"
                {
                    matrix4d xformOp:transform = ( (1, 0, 0, 0), (0, 2.220446049250313e-16, 1, 0), (0, -1, 2.220446049250313e-16, 0), (0, 0, 0, 1) )
                    uniform token[] xformOpOrder = ["xformOp:transform"]

                    def Xform "Armature_55"
                    {
                        matrix4d xformOp:transform = ( (1, 0, 0, 0), (0, 1, 0, 0), (0, 0, 1, 0), (0, 0, 0, 1) )
                        uniform token[] xformOpOrder = ["xformOp:transform"]

                        def Xform "GLTF_created_0"
                        {
                            matrix4d xformOp:transform = ( (1, 0, 0, 0), (0, 1, 0, 0), (0, 0, 1, 0), (0, 0, 0, 1) )
                            uniform token[] xformOpOrder = ["xformOp:transform"]

                            def Xform "GLTF_created_0_rootJoint"
                            {
                                matrix4d xformOp:transform = ( (1, 0, 0, 0), (0, 1, 0, 0), (0, 0, 1, 0), (0, 0, 0, 1) )
                                uniform token[] xformOpOrder = ["xformOp:transform"]

                                def Xform "Dummy05_Main_52"
                                {
                                    matrix4d xformOp:transform = ( (0, 0, 1, 0), (1, 0, 0, 0), (0, 1, 0, 0), (0, 0, 0, 1) )
                                    uniform token[] xformOpOrder = ["xformOp:transform"]

                                    def SkelRoot "skin0"
                                    {
                                        def Skeleton "skeleton"
                                        {
                                            uniform matrix4d[] bindTransforms = [( (-7.105426941133785e-15, -0.999999999999998, -4.3711388286737313e-8, 0), (0.9999998807907191, 7.049260208717607e-24, -7.450578998202821e-8, 0), (7.450578998202789e-8, -4.371138828673784e-8, 0.9999999999999925, 0), (0.6008008048136847, 0.21038406818292288, 0.06154770572694293, 1) ), ( (7.450578998202822e-8, 0, 0.9999999999999944, 0), (0.9999998807907191, 0, -7.450578287660171e-8, 0), (3.848675425619236e-15, 1, 6.834537751109942e-30, -0), (0.600445190877897, 0.2652088701725006, -0.10847195241191061, 1) ), ( (7.450578998202822e-8, 0, 0.9999999999999944, 0), (0.9999998807907191, 0, -7.450578287660171e-8, 0), (3.848675425619236e-15, 1, 6.834537751109942e-30, -0), (0.6004451996604158, 0.17029757797718048, 0.009405048530914997, 1) ), ( (7.450578998202822e-8, 0, 0.9999999999999944, 0), (0.9999998807907191, 0, -7.450578287660171e-8, 0), (3.848675425619236e-15, 1, 6.834537751109942e-30, -0), (0.6004452082018802, 0.1702975630760193, 0.12404666837713915, 1) ), ( (0, -0.999999999999998, -4.371138828673784e-8, 0), (0.9999998807907247, 0, 0, 0), (0, -4.371138828673784e-8, 0.999999999999998, 0), (-0.5761055855625169, 0.21038414268873434, 0.06154762383021996, 1) ), ( (0, 0, 1, 0), (0.9999998807907247, 0, 0, 0), (0, 1, 0, -0), (-0.5751928597458769, 0.265208899974823, -0.10847198963165283, 1) ), ( (0, 0, 1, 0), (0.9999998807907247, 0, 0, 0), (0, 1, 0, -0), (-0.5751928597458769, 0.17029760777950287, 0.124046690762043, 1) ), ( (3.725289499101426e-8, 1.1829007646151872e-30, 0.9999999999999987, -0), (0.9999998807907233, 1.6283759659908826e-15, -3.725289854372752e-8, 0), (-3.552713678800501e-15, 1, 1.2621774483536172e-29, 0), (-0.5751928593955129, 0.17029757797717954, 0.009405026219519205, 1) ), ( (0, 0, 1, 0), (1, 0, 0, 0), (0, 1, 0, -0), (1.4901161193847656e-8, 1.3914867639541626, -0.016035011038184166, 1) ), ( (0, 0, 1, 0), (1, 0, 0, 0), (0, 1, 0, -0), (7.450580596923828e-9, 1.3914867639541626, -0.25015974044799805, 1) ), ( (-1.1920927796308615e-7, 0.610780693713422, -0.791799825550588, 0), (1.1920928776711092e-7, -0.7918000639692186, -0.61078093213209, 0), (-1.0000001192092802, -1.5646219268363865e-7, -1.1920928121565503e-7, 0), (-0.576105489175932, 1.423079719937127, -0.2389606026974489, 1) ), ( (8.280325083790684e-8, -0.6594938638921276, -0.7517103210333662, 0), (3.144479924896635e-14, -0.7517101422194001, 0.6594936254734873, 0), (-1.0000001192092887, -4.38698093874957e-8, -2.030324391122541e-7, 0), (-0.5761054998178974, 0.9600385951530458, -0.5961426567188504, 1) ), ( (-5.528426506810873e-8, -0.11930734104848588, 0.9928574860490232, 0), (0.9999999999999849, 4.386981659585976e-8, 2.0303243183859985e-7, -0), (-6.164437752034899e-8, 0.9928576052583679, 0.11930769867647915, 0), (-0.5899998721998032, 0.9638436371680741, -0.5622814684101122, 0.9999999999999999) ), ( (1.1688411239365057e-7, 0.5468022505188168, 0.8372620490254743, -0), (0.9999999999999996, -1.9611865909533073e-9, -4.5466632480252646e-9, 0), (-7.005458702624891e-8, 0.8372618702115121, -0.5468020121001995, 0), (-0.5790935022636678, -0.39549464770329523, 0.5529440140959786, 1.0000000000000002) ), ( (0, 0, 1, 0), (1, 0, 0, 0), (0, 1, 0, -0), (7.450580596923828e-9, 1.3914867639541626, -0.25015974044799805, 1) ), ( (4.0233136352638566e-7, 0.6107807647427763, -0.7917996924302148, 0), (4.1723253223403124e-7, -0.7917996328257585, -0.6107808243471575, 0), (-0.9999999999996854, -8.195638295905186e-8, -5.364417872961109e-7, 0), (0.6008008288324314, 1.423079708462324, -0.23896062692148595, 0.9999999999999998) ), ( (4.6344314539722536e-7, -0.6594931517200513, -0.7517104616894429, 0), (-3.352789231727092e-7, -0.7517103424804382, 0.6594932709291649, 0), (-0.999999999999694, -5.0933055310899855e-8, -5.325275621538913e-7, 0), (0.600801040673648, 0.9600386477475389, -0.5961424488339004, 1) ), ( (-0.0000014465008198940428, -0.11930820194766159, 0.9928572576338891, -0), (0.9999999999975002, -8.451753686945874e-7, 0.00000131870476139536, 0), (6.747434062266035e-7, 0.9928570788213278, 0.1193081721474575, -0), (0.5900001771753105, 0.9638441776965181, -0.5622815079691768, 1.0000000000000002) ), ( (0.06704867280642039, 0.547143081801647, 0.8343494726326947, 0), (0.9961657024391241, 0.010391160998535591, -0.08686659619372626, 0), (-0.05619841640022044, 0.8369743955497978, -0.5443485108561159, 0), (0.6517882485543416, -0.3954980950710596, 0.552927100057238, 1) ), ( (0, 0, 1, 0), (1, 0, 0, 0), (0, 1, 0, -0), (0, 1.5389447212219238, -3.725290298461914e-9, 1) ), ( (0, 0, 1, 0), (1, 0, 0, 0), (0, 1, 0, -0), (0, 1.5389443635940552, -4.187225854934695e-8, 1) ), ( (0, 0, 1, 0), (1, 0, 0, 0), (0, 1, 0, -0), (7.450580596923828e-9, 2.0042881965637207, 0.10181139409542084, 1) ), ( (0, 0, 1, 0), (1, 0, 0, 0), (0, 1, 0, -0), (-0.3388650715351105, 1.8435908555984497, -0.39165085554122925, 1) ), ( (0, 0, 1, 0), (1, 0, 0, 0), (0, 1, 0, -0), (0.34147894382476807, 1.8435908555984497, -0.39165085554122925, 1) ), ( (0, 0, 1, 0), (1, 0, 0, 0), (0, 1, 0, -0), (0.8233271837234497, 2.186288356781006, -0.042189180850982666, 1) ), ( (0, -0.999999999999998, -4.371138828673784e-8, 0), (0.9999998807907247, 0, 0, 0), (0, -4.371138828673784e-8, 0.999999999999998, 0), (0.917579541494901, 1.8021925689708223, -0.004388574431231165, 1) ), ( (0, 0, 1, 0), (0.9999998807907247, 0, 0, 0), (0, 1, 0, -0), (0.9206296896183861, 1.8194371461868286, 0.9686864018440247, 1) ), ( (0.00010042876328906026, -0.014117961331513475, 0.9999003220819719, -0), (0.9999998703031117, 0.00002145767503939714, -0.00010013581921536541, 0), (-0.000020041833429726362, 0.9999003317084385, 0.014117965493387192, 0), (0.9206298097519717, 1.8194374522300873, 1.0738173974509269, 1) ), ( (-4.371138828673784e-8, -0.999999999999998, 0, 0), (0, 0, -0.9999998807907247, 0), (0.999999999999998, -4.371138828673784e-8, 0, 0), (0.04525112980556573, 2.1871960143336557, 0.0004434697092379231, 1) ), ( (0, -0.9999999999999205, -2.8212997449370534e-7, 0), (0.9999998807907247, 0, 0, 0), (0, -2.8212997449370534e-7, 0.9999999999999205, 0), (0.9127218827340743, 2.090330789555563, -0.6692555013728866, 1) ), ( (-0, 0.422618206110952, 0.9063078074883103, 0), (1, -0, 0, 0), (0, 0.9063078074883103, -0.422618206110952, 0), (0.8437953591346741, 2.2120812850569154, 0.270704032175557, 1) ), ( (-0, 0.422618206110952, 0.9063078074883103, 0), (1, -0, 0, 0), (0, 0.9063078074883103, -0.422618206110952, 0), (0.7419875264167786, 2.2837595353453963, 0.2301439977559846, 1) ), ( (-0, 0.422618206110952, 0.9063078074883103, 0), (1, -0, 0, 0), (0, 0.9063078074883103, -0.422618206110952, 0), (0.8437953591346741, 2.3554377182787465, 0.1903984464214742, 1) ), ( (0.0002611470311809181, -0.012308906777014846, 0.9999241743638989, 0), (0.7582434456519614, -0.6519195467641248, -0.008223053891040923, 0), (0.6519713639352139, 0.7581881166881472, 0.009162900987352096, -0), (1.0161409729977695, 1.7990312760720302, -0.2831508169764228, 1) ), ( (0, 0, 1, 0), (1, 0, 0, 0), (0, 1, 0, -0), (-0.7980315089225769, 2.186288356781006, -0.042189180850982666, 1) ), ( (0, -0.999999999999998, -4.371138828673784e-8, 0), (0.9999998807907247, 0, 0, 0), (0, -4.371138828673784e-8, 0.999999999999998, 0), (-0.8835227032276745, 1.8021925689708223, -0.004388574431231165, 1) ), ( (0, 0, 1, 0), (0.9999998807907247, 0, 0, 0), (0, 1, 0, -0), (-0.8883838190574862, 1.819566011428833, 0.9687182307243347, 1) ), ( (0.00006157070685268312, -0.014015934038959022, 0.9999017686020523, 0), (0.9999998637021862, -0.00011444086897709684, -0.00006318091842578853, 0), (0.00011531514965800822, 0.999901759295379, 0.014015927157615415, -0), (-0.8883837090381406, 1.8195663474166763, 1.0738491673561812, 1.0000000000000002) ), ( (-4.3711391339851055e-8, -0.999999999999998, -8.19563680623978e-8, 0), (-3.725290564915403e-8, 4.589029268378947e-23, -0.9999998807907233, 0), (0.9999999999999967, -4.371138828673784e-8, -3.72529056788674e-8, 0), (-0.01995551523450879, 2.1871962556025077, 0.00044346224955406376, 1) ), ( (0, -0.9999999999999205, -2.8212997449370534e-7, 0), (0.9999998807907247, 0, 0, 0), (0, -2.8212997449370534e-7, 0.9999999999999205, 0), (-0.8889859451072282, 2.090330789555563, -0.6692555013728866, 1) ), ( (0, 0.422618206110952, 0.9063078074883103, 0), (1, -0, 0, 0), (0, 0.9063078074883103, -0.422618206110952, 0), (-0.714792013168335, 2.2837592907998165, 0.23043598328022813, 1) ), ( (0, 0.422618206110952, 0.9063078074883103, 0), (1, -0, 0, 0), (0, 0.9063078074883103, -0.422618206110952, 0), (-0.8258785009384155, 2.212081011316002, 0.27070429135591517, 1) ), ( (0, 0.422618206110952, 0.9063078074883103, 0), (1, -0, 0, 0), (0, 0.9063078074883103, -0.422618206110952, 0), (-0.8258785009384155, 2.355437502198127, 0.1903985471815064, 1) ), ( (-0.0016016511864231206, -0.01329209084059456, 0.9999103327561079, 0), (0.8585037649334546, 0.5127418584469571, 0.00819116987316152, -0), (-0.5128048205800777, 0.858439831703164, 0.0105900761390331, 0), (-0.9696861956310238, 1.8471251136907967, -0.2824100420711924, 1) ), ( (0, 0, 1, 0), (1, 0, 0, 0), (0, 1, 0, -0), (-1.4901161193847656e-8, 1.3974491357803345, 0.5766585469245911, 1) ), ( (0, -0.11659943311705327, 0.9931790232061103, 0), (1, 0, -0, 0), (0, 0.9931790232061103, 0.11659943311705327, 0), (-0, 1.9339517531588701, 0.03660813440002754, 1) ), ( (0, 0, 1, 0), (1, 0, 0, 0), (0, 1, 0, -0), (0, 0.7137294411659241, -3.725290298461914e-9, 1) )]
                                            uniform token[] joints = ["n9", "n9/n10", "n9/n11", "n9/n12", "n13", "n13/n14", "n13/n15", "n13/n16", "n17", "n17/n18", "n17/n18/n19", "n17/n18/n19/n20", "n17/n18/n19/n20/n21", "n17/n18/n19/n20/n22", "n17/n23", "n17/n23/n24", "n17/n23/n24/n25", "n17/n23/n24/n25/n26", "n17/n23/n24/n25/n27", "n17/n28", "n17/n28/n29", "n17/n28/n29/n30", "n17/n28/n29/n30/n31", "n17/n28/n29/n30/n32", "n17/n28/n29/n30/n33", "n17/n28/n29/n30/n33/n34", "n17/n28/n29/n30/n33/n34/n35", "n17/n28/n29/n30/n33/n34/n36", "n17/n28/n29/n30/n33/n37", "n17/n28/n29/n30/n33/n38", "n17/n28/n29/n30/n33/n39", "n17/n28/n29/n30/n33/n40", "n17/n28/n29/n30/n33/n41", "n17/n28/n29/n30/n33/n42", "n17/n28/n29/n30/n43", "n17/n28/n29/n30/n43/n44", "n17/n28/n29/n30/n43/n44/n45", "n17/n28/n29/n30/n43/n44/n46", "n17/n28/n29/n30/n43/n47", "n17/n28/n29/n30/n43/n48", "n17/n28/n29/n30/n43/n49", "n17/n28/n29/n30/n43/n50", "n17/n28/n29/n30/n43/n51", "n17/n28/n29/n30/n43/n52", "n17/n28/n29/n30/n53", "n17/n28/n29/n30/n54", "n17/n55"]
                                            uniform matrix4d[] restTransforms = [( (-1.3435884847663872e-7, -5.960465551145827e-8, -1.0000000747542042, 0), (-7.450581028278651e-8, 0.9999999403953507, -5.960465551145827e-8, 0), (1.0000000747542033, 7.450581028278651e-8, -1.3435885291753056e-7, 0), (-0.7857761383056641, 0.5756862759590149, 0.21038410067558289, 1) ), ( (-1.3435885648505064e-7, -2.2351760323975465e-8, 0.9999999657714511, 0), (-2.2351744336765055e-8, 0.9999999999999994, 2.2351756555753387e-8, 0), (-1.0000000849807367, -2.2351743233075397e-8, -1.3435887294596373e-7, 0), (-0.0548248253762722, -0.0003556528245098889, -0.17001965641975403, 1) ), ( (-1.3435885648505064e-7, -2.2351760323975465e-8, 0.9999999657714511, 0), (-2.2351744336765055e-8, 0.9999999999999994, 2.2351756555753387e-8, 0), (-1.0000000849807367, -2.2351743233075397e-8, -1.3435887294596373e-7, 0), (0.04008650779724121, -0.00035560200922191143, -0.05214277282357216, 1) ), ( (-1.3435885648505064e-7, -2.2351760323975465e-8, 0.9999999657714511, 0), (-2.2351744336765055e-8, 0.9999999999999994, 2.2351756555753387e-8, 0), (-1.0000000849807367, -2.2351743233075397e-8, -1.3435887294596373e-7, 0), (0.04008650407195091, -0.0003556105657480657, 0.0624990239739418, 1) ), ( (-1.343588324598149e-7, 0, -0.9999999555448982, 0), (-1.4901162307772096e-8, 0.9999999403953551, 0, 0), (1.000000015149551, 1.4901161419593557e-8, -1.343588404682268e-7, 0), (0.6680364608764648, -0.5218353867530823, 0.21038411557674408, 1) ), ( (-0.5908308171590845, -2.3163778114763443e-17, 0.8067953686910643, 0), (-1.2751126649486254e-16, 0.9999997615814209, -6.46679596558292e-17, 0), (-0.8067956572236068, -1.4108340293235974e-16, -0.5908310284566756, 0), (-0.054824721068143845, 0.0009126663208007812, -0.17001958191394806, 1) ), ( (-0.2588195300937833, 5.198918883795193e-16, 0.9659256782166256, 0), (1.4740748810260229e-15, 0.9999997615814209, -1.4325373701996244e-16, 0), (-0.9659259660849274, 1.3867706166280862e-15, -0.25881960722801867, 0), (0.04008656367659569, 0.0009126663208007812, 0.062499068677425385, 1) ), ( (-1.3435883268185945e-7, 2.7939665476785442e-8, 0.9999997869575227, 0), (1.0990639505407005e-15, 0.9999997615814205, -2.793966381145152e-8, 0), (-0.9999999657714513, -3.611212103478488e-15, -1.3435885670709524e-7, 0), (0.040086597204208374, 0.0009126663208007812, -0.05214259400963783, 1) ), ( (0.9659256573190516, 0.25881899093473965, 0, 0), (-0.25881899093473965, 0.9659256573190516, 0, 0), (0, 0, 1, 0), (-0.016035011038184166, 1.4901161193847656e-8, 1.3914867639541626, 1) ), ( (1.0000002384185787, 2.980232238769362e-8, 0, 0), (-2.980232238769362e-8, 1.0000002384185787, 0, 0), (0, 0, 1, 0), (-0.23412476480007172, -5.122274160385132e-9, -1.1920928955078125e-7, 1) ), ( (-0.953724832499229, 0.29797299464268445, 0.040272432366222084, 0), (-0.007351482960488802, 0.11078902685832262, -0.9938172635545653, 0), (-0.3005922987306694, -0.948123755958145, -0.10347170464099824, 0), (0.011199167929589748, -0.5761054754257202, 0.03159279748797417, 1) ), ( (0.6049200485389659, 0.7962871445092893, 6.145428530494097e-8, 0), (-0.7962863376488446, 0.6049194355866482, -1.3655654977962395e-7, 0), (-1.4591317208434937e-7, 3.3670607647859563e-8, 1.0000008344650155, 0), (3.103558299244469e-8, 0.5847956538200378, 6.503533001023243e-8, 1) ), ( (-0.667658823252055, 0.7444682923195778, 3.84861012637305e-7, 0), (-3.848605538474995e-7, 1.2670173796523114e-7, -0.9999994490592756, 0), (-0.7444683810670611, -0.667658857737359, 1.2670190410959602e-7, 0), (-0.027963127940893173, 0.01947125606238842, 0.013894421048462391, 1) ), ( (-0.9899906903122497, 0.14113231985896796, -7.811927150936492e-8, 0), (9.004562086427143e-8, 4.368884297601531e-8, -0.999998842337442, 0), (-0.1411324039803888, -0.9899912459623521, -1.2447617321563056e-7, 0), (0.030185416340827942, 1.7767843008041382, 0.0029879382345825434, 1) ), ( (1.0000002384185787, 2.980232238769362e-8, 0, 0), (-2.980232238769362e-8, 1.0000002384185787, 0, 0), (0, 0, 1, 0), (-0.23412476480007172, -5.122274160385132e-9, -1.1920928955078125e-7, 1) ), ( (-0.3748232504757606, 0.09429690835351594, 0.9222888718348724, 0), (-0.8749589315323064, 0.29293036269115463, -0.38553791173139035, 0), (-0.3065213056932653, -0.9514728018208936, -0.027291243391063362, 0), (0.011199123226106167, 0.6008008718490601, 0.03159289434552193, 1) ), ( (0.2538194196390502, 0.9672516219241502, -3.895737747483189e-8, 0), (-0.9672516219241473, 0.2538194196390454, -9.846597884663307e-8, 0), (-8.535325932709044e-8, 6.267417904582521e-8, 1.0000002384185736, 0), (-1.1417499479193793e-7, 0.5847955942153931, 2.2165165702858758e-8, 1) ), ( (-0.6676583561816709, 0.7444684694483076, 7.58713544877945e-7, 0), (6.596393551696922e-8, 9.981426369595612e-7, -1.0000001993589673, 0), (-0.7444683807011657, -0.6676581964399105, -8.491892735240252e-7, 0), (-0.027962971478700638, 0.019470339640975, 0.010800808668136597, 1) ), ( (-0.9880262288867625, 0.13895463232825594, -0.0670493457793662, 0), (0.05844617505891946, -0.06509941742667381, -0.9961649778997708, 0), (-0.1427866695862789, -0.9881562800268049, 0.05619849049531413, 0), (0.030200308188796043, 1.7767750024795532, -0.05098763853311539, 1) ), ( (0.9659257724663836, -0.2588190217883732, -0, 0), (0.2588190217883732, 0.9659257724663836, 0, 0), (0, -0, 1, 0), (0.016035011038184166, -1.5366822481155396e-8, 0.14745771884918213, 1) ), ( (1, 0, 0, 0), (0, 1, 0, 0), (0, 0, 0.9999997615814209, 0), (-3.814696825088504e-8, 0, -3.5762786865234375e-7, 1) ), ( (0.9548156385693427, -8.363323384541958e-17, -0.2971987777942111, 0), (-8.363323384541958e-17, 1, -5.500950792450886e-16, 0), (0.2971988486519214, 5.500952103979758e-16, 0.9548158662151306, 0), (0.10181143134832382, 7.450580596923828e-9, 0.46534407138824463, 1) ), ( (1.0574181304413317, -0.08830226406644692, -0.0011457847405689431, 0), (0.08321771963950511, 0.9961946900064632, 0.025902720818810093, 0), (-0.0011458441576425301, -0.027485356214877885, 1.0607426395186264, 0), (-0.515720546245575, -0.3388650715351105, -0.1489328145980835, 1) ), ( (0.996530926849652, 0.08321769309315044, -0.0010798005881394177, 0), (-0.0832176923182115, 0.9961948158252383, -0.02590257139275436, 0), (-0.0010798601804828435, 0.025902565815266346, 0.999663889015653, 0), (-0.4934622645378113, 0.34147897362709045, -0.160697340965271, 1) ), ( (1.0000002384185789, 2.099669876797355e-9, 1.4837894083539833e-8, 0), (-7.984716671506928e-10, 0.9961942225087201, -0.08715570860484417, 0), (-1.4964429708832903e-8, 0.08715577094349448, 0.9961949350426929, 0), (-0.14400069415569305, 0.8233271837234497, 0.18200039863586426, 1) ), ( (-1.343588324598149e-7, -1.8626466365191606e-9, -0.9999999555448982, 0), (-7.450580243389703e-9, 0.9999995231628418, -1.8626460814071057e-9, 0), (1.000000015149551, 7.450582907926105e-9, -1.343588404682268e-7, 0), (0.03780054673552513, 0.09425228834152222, -0.3840959072113037, 1) ), ( (3.714033399483676e-7, 6.519253630530073e-9, 1.0000000849807154, 0), (1.0244546758261414e-8, 1.0000011920928953, -6.519264079132894e-9, 0), (-1.0000002041900007, 1.0244539186440778e-8, 3.7140338411206833e-7, 0), (-0.017244858667254448, 0.00305020809173584, 0.9730752110481262, 1) ), ( (0.01411576864173977, 0.00009989973739152347, 0.999901367818353, 0), (-0.000021524440101211377, 0.9999872394137774, -0.00009960445689143935, 0), (-0.9998958894958898, -0.000020116463663676574, 0.014115693313207181, 0), (-0.017244862392544746, 0.00305020809173584, 1.0782060623168945, 1) ), ( (0, 0, -1, 0), (-0.9999998211860657, 0, 0, 0), (0, 1.0000005960464478, 0, 0), (0.04263265058398247, -0.7780765891075134, 0.0009081363677978516, 1) ), ( (-1.3435881755321378e-7, 4.6566388025218774e-9, -0.9999996677482385, 0), (-6.239858278884939e-8, 1.0000001192092876, 4.656651265038279e-9, 0), (1.0000008002364484, 6.23986282048408e-8, -1.3435896949099658e-7, 0), (-0.6270661950111389, 0.08939462900161743, -0.09595727920532227, 1) ), ( (0.9063077925664071, 1.3969813942201612e-9, 0.4226181282683113, 0), (-4.283962849910542e-9, 1.000001072883606, 5.8814473577738155e-9, 0), (-0.4226180023182867, -7.140872033306288e-9, 0.9063075224656209, 0), (0.31289321184158325, 0.020468056201934814, 0.025792837142944336, 1) ), ( (0.9063077925664071, 9.313209615195945e-10, 0.4226181282683113, 0), (-3.905559399758061e-9, 1.0000009536743164, 6.171806542938059e-9, 0), (-0.4226180023182867, -7.244107406063326e-9, 0.9063075224656209, 0), (0.27233320474624634, -0.08133995532989502, 0.0974709689617157, 1) ), ( (0.9063078183680082, 2.2228582269509962e-9, 0.42261804427493516, 0), (-3.4580847350518003e-9, 1.000001072883606, 2.1561515912661957e-9, 0), (-0.4226178427549359, -3.415580811701748e-9, 0.9063073862067379, 0), (0.23258759081363678, 0.02046799659729004, 0.16914913058280945, 1) ), ( (0.99992408940084, 0.0002610759348154541, -0.012308893580654562, 0), (-0.008222999860988277, 0.7582436052235809, -0.6519202293227134, 0), (0.009162939254752466, 0.6519719576962071, 0.7581881933240119, 0), (-0.24096167087554932, 0.19281361997127533, -0.38725703954696655, 1) ), ( (0.9996641272574949, 0.025902584414340162, 0.0010796507013213692, 0), (-0.025902569500651403, 0.9961949419316404, 0.08321761562514886, 0), (0.0010800083169631809, -0.08321760106275712, 0.996530934296962, 0), (-0.14400069415569305, -0.7980316281318665, 0.18200039863586426, 1) ), ( (-1.343588324598149e-7, 4.65661333481351e-9, -0.9999999555448982, 0), (-4.656613530950531e-9, 0.9999998807907104, 4.656613612369343e-9, 0), (1.000000015149551, 4.656613530950531e-9, -1.343588404682268e-7, 0), (0.037800487130880356, -0.08549118041992188, -0.38409602642059326, 1) ), ( (-1.343588885186983e-7, 9.313232044082731e-9, 1.000000204190022, 0), (1.8626486316524768e-9, 0.9999998807907104, -9.313228399393247e-9, 0), (-0.999999310120381, 1.8626460623576502e-9, -1.343587683925196e-7, 0), (-0.017373723909258842, -0.004860997200012207, 0.973106861114502, 1) ), ( (0.014017318376061173, 0.00006171108009949983, 0.99990107059583, 0), (0.00011492038281895765, 1.0000003490192912, -0.00006332824857351758, 0), (-0.9999044034284271, 0.00011579704926149552, 0.014017357951390749, 0), (-0.01737384870648384, -0.004860997200012207, 1.0782376527786255, 1) ), ( (0, 0, -1, 0), (-1.0000001192092896, 0, 0, 0), (0, 1, 0, 0), (0.042632583528757095, 0.7780759334564209, 0.0009076595306396484, 1) ), ( (-1.3435885715118445e-7, -5.587915944288734e-9, -0.9999999657714519, 0), (-5.587933896103904e-8, 0.9999998211860641, -5.587905524539281e-9, 0), (1.0000002041900213, 5.587936133366862e-8, -1.3435888940687692e-7, 0), (-0.6270661950111389, -0.09095460176467896, -0.09595751762390137, 1) ), ( (0.9063077151615825, 4.085505867318838e-9, 0.4226182770420282, 0), (-5.32073016803092e-9, 0.9999998807907104, 1.7432124296955906e-9, 0), (-0.42261825185201446, -3.828524897908842e-9, 0.9063076611414299, 0), (0.27262523770332336, 0.08323949575424194, 0.09747078269720078, 1) ), ( (0.9063077151615825, 4.085505867318838e-9, 0.4226182770420282, 0), (-5.32073016803092e-9, 0.9999998807907104, 1.7432124296955906e-9, 0), (-0.422618302232042, -3.828525354304629e-9, 0.9063077691817352, 0), (0.3128933012485504, -0.027846932411193848, 0.025792788714170456, 1) ), ( (0.9063076071212772, 4.085505380288558e-9, 0.42261822666200066, 0), (-5.32073016803092e-9, 0.9999998807907104, 1.7432124296955906e-9, 0), (-0.42261825185201446, -3.828524897908842e-9, 0.9063076611414299, 0), (0.23258757591247559, -0.027846992015838623, 0.16914860904216766, 1) ), ( (0.9999104929394175, -0.0016017315538857052, -0.013292065239272807, 0), (0.008191224185322865, 0.8585037286342316, 0.5127419174893779, 0), (0.010590010347875503, -0.512804779486633, 0.8584398019611802, 0), (-0.24022093415260315, -0.17165470123291016, -0.33916357159614563, 1) ), ( (1.000000119209289, 9.226650608965222e-16, 2.9802320611337838e-8, 0), (-9.22664934355932e-16, 1, -5.553379485560678e-16, 0), (-2.980232416405088e-8, 5.553380534613927e-16, 1.0000002384185787, 0), (-0.11784642934799194, 2.7939677238464355e-9, -0.892803430557251, 1) ), ( (0.9931792818129871, 1.5696672563521076e-15, -0.11659927949019248, 0), (-1.573242598324391e-15, 1.0000001192092896, 6.136821195208215e-17, 0), (0.11659922389133666, 1.2248923076746136e-16, 0.9931788082283136, 0), (-0.06520327180624008, -6.984919309616089e-9, -0.07033609598875046, 1) ), ( (1.000000357627861, 2.980232416404887e-8, -1.1920933218334542e-7, 0), (-2.980232061133646e-8, 1.0000002384185787, -1.1646705801537016e-21, 0), (1.1920925402364444e-7, 3.5527127258884037e-15, 0.999999701976769, 0), (0.016035011038184166, -1.5366822481155396e-8, -0.6777573823928833, 1) )]
                                        }

                                        def SkelAnimation "Armature_Fidget_02_full"
                                        {
                                            uniform token[] joints = ["n9", "n9/n10", "n9/n11", "n9/n12", "n13", "n13/n14", "n13/n15", "n13/n16", "n17", "n17/n18", "n17/n18/n19", "n17/n18/n19/n20", "n17/n18/n19/n20/n21", "n17/n18/n19/n20/n22", "n17/n23", "n17/n23/n24", "n17/n23/n24/n25", "n17/n23/n24/n25/n26", "n17/n23/n24/n25/n27", "n17/n28", "n17/n28/n29", "n17/n28/n29/n30", "n17/n28/n29/n30/n31", "n17/n28/n29/n30/n32", "n17/n28/n29/n30/n33", "n17/n28/n29/n30/n33/n34", "n17/n28/n29/n30/n33/n34/n35", "n17/n28/n29/n30/n33/n34/n36", "n17/n28/n29/n30/n33/n37", "n17/n28/n29/n30/n33/n38", "n17/n28/n29/n30/n33/n39", "n17/n28/n29/n30/n33/n40", "n17/n28/n29/n30/n33/n41", "n17/n28/n29/n30/n33/n42", "n17/n28/n29/n30/n43", "n17/n28/n29/n30/n43/n44", "n17/n28/n29/n30/n43/n44/n45", "n17/n28/n29/n30/n43/n44/n46", "n17/n28/n29/n30/n43/n47", "n17/n28/n29/n30/n43/n48", "n17/n28/n29/n30/n43/n49", "n17/n28/n29/n30/n43/n50", "n17/n28/n29/n30/n43/n51", "n17/n28/n29/n30/n43/n52", "n17/n28/n29/n30/n53", "n17/n28/n29/n30/n54", "n17/n55"]
                                            quatf[] rotations.timeSamples = {
                                                0: [(0.70441604, -0.061628465, 0.70441604, 0.06162844), (0.7071067, 1.580507e-8, -0.7071068, -1.884111e-15), (0.7071067, 1.580507e-8, -0.7071068, -1.884111e-15), (0.7071067, 1.580507e-8, -0.7071068, -1.884111e-15), (0.7064337, 0.030843554, 0.70643383, -0.03084356), (0.67553264, -2.262856e-9, -0.7373301, 2.7816056e-9), (0.7071067, 1.1872625e-16, -0.7071068, -1.1872625e-16), (0.7071067, -1.0536709e-8, -0.7071068, 1.0536711e-8), (0.9914449, 0, 0, 0.1305262), (0.9961947, -0.084185995, 0.02255757, 1.1335421e-8), (0.2982655, 0.14466242, -0.74203926, 0.5826562), (0.8177634, -4.0245258e-8, -7.2875224e-8, 0.5755546), (0.2882456, -0.28824526, -0.64568925, 0.64568925), (0.050023124, -0.050023198, -0.7053352, 0.70533514), (0.99904823, 0.042133104, -0.011289474, 3.7288395e-9), (0.309732, 0.19790033, -0.6872177, 0.6266046), (0.790611, -4.87176e-8, -8.989216e-9, 0.6123188), (0.2882457, -0.2882454, -0.64568955, 0.64568883), (0.027716585, -0.072240114, -0.68314135, 0.72617567), (0.9914449, 0, 0, -0.1305262), (1, 0, 0, 0), (0.9990449, 1.383801e-17, 0.043695766, 0), (0.99904823, 0.012963701, 0, -0.041648503), (0.99904823, -0.012963623, 1.8644197e-9, 0.04164848), (1, -0.00001075506, -0.000049598508, -0.000049791), (0.7071068, 9.900277e-10, 0.7071068, -9.900281e-10), (0.7071069, -2.656243e-9, -0.70710665, 2.656243e-9), (0.71208, -0.000027905618, -0.70209837, 0.000042625783), (0.5, -0.5, 0.5, 0.5), (0.7071067, -2.2125862e-8, 0.7071068, 1.9763728e-8), (0.97629607, -4.0382137e-10, -0.21643952, 4.8316146e-10), (0.97629607, -4.0372303e-10, -0.21643952, 4.827175e-10), (0.97629607, -4.0382142e-10, -0.21643953, 4.8316146e-10), (0.9375974, -0.3476683, 0.0057252175, 0.002262181), (1, 0.000057354948, -1.4156103e-7, -0.000031653104), (0.7071068, -1.649577e-9, 0.7071068, -9.871736e-10), (0.7071067, -5.873201e-10, -0.7071068, 5.873201e-10), (0.71204543, -0.000062891195, -0.7021334, -0.000018683335), (0.5, -0.5, 0.5, 0.5), (0.7071067, -2.3010463e-8, 0.7071068, 1.5928546e-8), (0.976296, 1.7174927e-9, -0.21643963, 2.3966913e-9), (0.976296, 1.7157167e-9, -0.21643963, 2.3962974e-9), (0.976296, 1.7170989e-9, -0.21643963, 2.3984672e-9), (0.96395725, 0.2659731, 0.006193758, -0.0025397874), (0.97828174, -0.0034901772, 0.017432593, -0.20651579), (0.99829334, -2.1070751e-18, 0.0583993, 9.014979e-16), (1, -8.881787e-16, 5.9604645e-8, 1.4901157e-8)],
                                                8: [(0.70441604, -0.061628465, 0.70441604, 0.06162844), (0.7065294, 0.001407883, -0.7076811, 0.0013236313), (0.70710677, 1.580507e-8, -0.7071069, -1.884111e-15), (0.707159, 1.572814e-8, -0.70705456, -7.4286265e-11), (0.70643365, 0.030843554, 0.7064338, -0.03084356), (0.67468864, -0.0008120862, -0.73810154, -0.0009018655), (0.7071067, 1.1872624e-16, -0.7071068, -1.1872624e-16), (0.7071067, -1.0536709e-8, -0.7071068, 1.0536711e-8), (0.99143887, -0.0038579188, 0.00030423913, 0.13051465), (0.9964907, -0.08085024, 0.021667892, 0.000019981391), (0.29447308, 0.13891202, -0.74574274, 0.58125454), (0.82603425, -3.9054928e-8, -7.092578e-8, 0.56362003), (0.2882456, -0.2882453, -0.64568925, 0.64568925), (0.050023116, -0.05002319, -0.7053352, 0.70533514), (0.9991689, 0.039374184, -0.010551163, 0.000010476817), (0.3084944, 0.19677019, -0.69489133, 0.6190628), (0.7924767, -5.735164e-8, -1.6048073e-8, 0.6099022), (0.2882457, -0.2882454, -0.64568955, 0.64568883), (0.027716596, -0.07224013, -0.68314135, 0.72617567), (0.9914449, -1.3997539e-17, 9.540364e-11, -0.13052621), (1, 0, 7.275959e-12, -2.273737e-13), (0.99882215, 2.331052e-10, 0.048522275, -6.26015e-12), (0.99904823, 0.0129637, 2.913156e-11, -0.041648503), (0.99904823, -0.012963622, 3.7288395e-9, 0.041648485), (0.9999974, -0.0022734595, -0.000053821273, -0.00024649355), (0.7071068, 9.878172e-10, 0.7071068, -9.878174e-10), (0.7071069, -2.3460631e-9, -0.70710665, 3.0046068e-9), (0.71208, -0.00002790565, -0.70209837, 0.000042625747), (0.5, -0.5, 0.5, 0.5), (0.7071067, -2.2555138e-8, 0.7071068, 1.9262425e-8), (0.97629607, -6.0580463e-10, -0.21643953, 5.8114685e-10), (0.97629607, -6.0580463e-10, -0.21643953, 5.8114696e-10), (0.97629607, -6.0580463e-10, -0.21643953, 5.8114685e-10), (0.9375974, -0.34766832, 0.005725224, 0.002262181), (0.99999994, 0.00031767812, -0.000009361655, 0.000049279297), (0.7071068, -1.5434641e-9, 0.7071068, -9.2607827e-10), (0.7071067, -6.791241e-10, -0.7071068, 5.1448784e-10), (0.71204543, -0.00006289143, -0.7021334, -0.000018683544), (0.5, -0.5, 0.5, 0.5), (0.7071067, -2.2997598e-8, 0.7071068, 1.5918253e-8), (0.976296, 1.958425e-9, -0.21643965, 2.4612832e-9), (0.976296, 1.8447692e-9, -0.21643965, 2.4360864e-9), (0.976296, 1.9710236e-9, -0.21643965, 2.4044555e-9), (0.96395725, 0.2659731, 0.006193754, -0.0025397867), (0.9790028, -0.0030442807, 0.021531865, -0.20268378), (0.99829334, -1.1621665e-10, 0.058399294, 6.798584e-12), (1, 5.551115e-17, 5.963375e-8, 3.951754e-9)],
                                                12: [(0.70441604, -0.06162847, 0.70441604, 0.061628442), (0.7062395, 0.0021118326, -0.70796704, 0.0019854652), (0.7071067, 1.580507e-8, -0.7071069, -1.884111e-15), (0.7071851, 1.5689707e-8, -0.7070285, -1.1139766e-10), (0.7064337, 0.030843552, 0.70643383, -0.03084356), (0.67426586, -0.0012181342, -0.7384865, -0.0013528065), (0.7071067, 1.1872625e-16, -0.7071068, -1.1872625e-16), (0.7071067, -1.0536709e-8, -0.7071068, 1.0536711e-8), (0.9914303, -0.005786902, 0.00045636055, 0.13050818), (0.99663424, -0.07918194, 0.021222943, 0.000029957224), (0.2925698, 0.13603337, -0.7475769, 0.5805399), (0.8281183, -4.0932076e-8, -7.093571e-8, 0.5605534), (0.2882456, -0.2882453, -0.64568925, 0.64568925), (0.050023105, -0.050023187, -0.7053352, 0.70533514), (0.9992261, 0.037994575, -0.010181968, 0.000015715861), (0.30786172, 0.19619624, -0.69869834, 0.6152632), (0.79340684, -5.2105662e-8, -1.653459e-8, 0.60869175), (0.28824568, -0.2882454, -0.64568955, 0.64568883), (0.02771659, -0.07224014, -0.68314135, 0.72617567), (0.9914449, -2.348397e-10, 0, -0.13052621), (1, 0, 1.4551919e-11, 7.9580786e-13), (0.998702, 5.55833e-17, 0.05093516, -3.88176e-11), (0.99904823, 0.012963702, 1.7187619e-9, -0.041648503), (0.99904823, -0.012963624, 3.7288395e-9, 0.04164848), (0.99999416, -0.0034048266, -0.00005592624, -0.00034484602), (0.7071068, 9.87817e-10, 0.7071068, -9.878173e-10), (0.7071069, -3.2721406e-9, -0.70710665, 1.9550528e-9), (0.71208, -0.00002790602, -0.70209837, 0.000042625463), (0.5, -0.5, 0.5, 0.5), (0.7071067, -2.2575716e-8, 0.7071068, 1.9283002e-8), (0.97629607, -6.058059e-10, -0.21643953, 5.8114663e-10), (0.97629607, -5.5541205e-10, -0.21643953, 3.538353e-10), (0.97629607, -6.058061e-10, -0.21643955, 5.8114663e-10), (0.9375974, -0.34766832, 0.0057252278, 0.0022621797), (0.9999999, 0.0004478391, -0.000013971703, 0.000089745496), (0.7071068, -1.7492593e-9, 0.7071068, -1.2141914e-9), (0.7071067, -1.0907144e-9, -0.7071068, 1.0289735e-10), (0.71204543, -0.00006289132, -0.7021334, -0.000018683493), (0.5, -0.5, 0.5, 0.5), (0.7071067, -2.3090205e-8, 0.7071068, 1.5846226e-8), (0.976296, 1.6048596e-9, -0.21643963, 2.442521e-9), (0.976296, 1.8321706e-9, -0.21643963, 2.4929148e-9), (0.976296, 1.6048596e-9, -0.21643963, 2.442521e-9), (0.96395725, 0.2659731, 0.006193758, -0.0025397865), (0.97935146, -0.0028212892, 0.023581335, -0.20076522), (0.99829334, 4.6146723e-10, 0.058399297, -8.5302626e-11), (1, -2.328307e-10, 5.9488226e-8, 1.1514655e-8)],
                                                20: [(0.70441604, -0.061628465, 0.70441604, 0.06162844), (0.7056574, 0.0035197597, -0.7085367, 0.0033091488), (0.7071067, 1.580507e-8, -0.7071068, -1.884111e-15), (0.7072373, 1.2978667e-8, -0.70697623, 2.4485591e-9), (0.7064337, 0.030843554, 0.70643383, -0.03084356), (0.673419, -0.0020302422, -0.73925483, -0.0022546954), (0.7071067, 1.1872625e-16, -0.7071068, -1.1872625e-16), (0.7071067, -1.053671e-8, -0.7071068, 1.0536711e-8), (0.991402, -0.009644796, 0.0007605979, 0.1304937), (0.9969123, -0.07584469, 0.020332873, 0.000049957194), (0.28874943, 0.13026965, -0.75120986, 0.57908326), (0.83225244, -4.257089e-8, -7.133523e-8, 0.554397), (0.2882456, -0.2882453, -0.64568925, 0.64568925), (0.050023116, -0.05002319, -0.7053352, 0.70533514), (0.99933445, 0.035235148, -0.009443521, 0.000026211344), (0.30656877, 0.19503073, -0.7062508, 0.6076088), (0.79147935, -5.235954e-8, -1.9205217e-8, 0.6111959), (0.2882457, -0.2882454, -0.64568955, 0.64568883), (0.027716588, -0.07224013, -0.68314135, 0.72617567), (0.9914449, -5.5990155e-17, -1.761298e-10, -0.1305262), (1, -1.110223e-16, 0, 4.5474735e-13), (0.9984442, 1.865547e-9, 0.05576, 3.82583e-11), (0.99904823, 0.012963699, -2.913156e-11, -0.041648496), (0.99904823, -0.012963623, 3.6997079e-9, 0.041648485), (0.9999838, -0.0056675696, -0.000060147635, -0.0005415518), (0.7071068, 7.4086276e-10, 0.7071068, -1.3994078e-9), (0.7071069, -2.6341762e-9, -0.70710665, 2.634176e-9), (0.71208, -0.00002790569, -0.70209837, 0.00004262579), (0.5, -0.5, 0.5, 0.5), (0.7071067, -2.2267022e-8, 0.7071068, 1.9632854e-8), (0.97629607, 3.538353e-10, -0.21643953, 5.5541044e-10), (0.97629607, 3.034416e-10, -0.21643953, 7.827219e-10), (0.97629607, -1.0078819e-10, -0.21643953, 4.5462284e-10), (0.9375974, -0.34766832, 0.005725226, 0.0022621818), (0.99999976, 0.0007081625, -0.000023195531, 0.00017067794), (0.7071068, -1.3994075e-9, 0.7071068, -5.762265e-10), (0.7071067, -8.643399e-10, -0.7071068, 2.0579483e-10), (0.71204543, -0.000062890605, -0.7021334, -0.00001868288), (0.5, -0.5, 0.5, 0.5), (0.7071067, -2.3049049e-8, 0.7071068, 1.580507e-8), (0.976296, 9.10326e-10, -0.21643963, 2.3481674e-9), (0.976296, 9.103257e-10, -0.21643963, 2.3481674e-9), (0.976296, 8.85129e-10, -0.21643963, 2.4618236e-9), (0.96395725, 0.2659731, 0.006193756, -0.0025397863), (0.98002523, -0.0023752276, 0.027679717, -0.19692336), (0.99829334, 4.6486665e-10, 0.0583993, -2.7194367e-11), (1, -4.6566118e-10, 5.972106e-8, 1.5468682e-8)],
