#usda 1.0
(
    customLayerData = {
        string author = "Catholomew (https://sketchfab.com/Catholomew)"
        string copyright = "CC-BY-NC-4.0 (http://creativecommons.org/licenses/by-nc/4.0/)"
        string generator = "Sketchfab-16.16.0"
        string title = "SCV - Starcraft 2"
        string url = "https://sketchfab.com/3d-models/scv-starcraft-2-44371f3208b64510bd35a7c25c00799c"
    }
    defaultPrim = "scene"
    endTimeCode = 160
    metersPerUnit = 0.01
    startTimeCode = 0
    timeCodesPerSecond = 120
    upAxis = "Y"
)

def Xform "scene" (
    assetInfo = {
        string name = "scene"
    }
    kind = "component"
)
{
    def Scope "Materials"
    {
        def Material "Material"
        {
            token outputs:surface.connect = </scene/Materials/Material/pbr_shader.outputs:surface>

            def Shader "pbr_shader"
            {
                uniform token info:id = "UsdPreviewSurface"
                color3f inputs:diffuseColor.connect = </scene/Materials/Material/tex_base.outputs:rgb>
                color3f inputs:emissiveColor = (0, 0, 0)
                float inputs:metallic = 0
                normal3f inputs:normal = (0, 0, 1)
                float inputs:occlusion = 1
                float inputs:roughness = 1
                token outputs:surface
            }

            def Shader "uvset0"
            {
                uniform token info:id = "UsdPrimvarReader_float2"
                token inputs:varname = "st0"
                float2 outputs:result
            }

            def Shader "tex_base"
            {
                uniform token info:id = "UsdUVTexture"
                float4 inputs:fallback = (1, 1, 1, 1)
                asset inputs:file = @0/Material_baseColor.jpg@
                float2 inputs:st.connect = </scene/Materials/Material/uvset0.outputs:result>
                token inputs:wrapS = "repeat"
                token inputs:wrapT = "repeat"
                float outputs:a
                float3 outputs:rgb
            }
        }
    }

    def Xform "SkinnedMeshes"
    {
        float3 xformOp:scale = (100, 100, 100)
        uniform token[] xformOpOrder = ["xformOp:scale"]

        def Xform "Sketchfab_model"
        {
            matrix4d xformOp:transform = ( (1, 0, 0, 0), (0, 2.220446049250313e-16, -1, 0), (0, 1, 2.220446049250313e-16, 0), (0, 0, 0, 1) )
            uniform token[] xformOpOrder = ["xformOp:transform"]

            def Xform "root"
            {
                matrix4d xformOp:transform = ( (1, 0, 0, 0), (0, 1, 0, 0), (0, 0, 1, 0), (0, 0, 0, 1) )
                uniform token[] xformOpOrder = ["xformOp:transform"]

                def Xform "GLTF_SceneRootNode"
                {
                    matrix4d xformOp:transform = ( (1, 0, 0, 0), (0, 2.220446049250313e-16, 1, 0), (0, -1, 2.220446049250313e-16, 0), (0, 0, 0, 1) )
                    uniform token[] xformOpOrder = ["xformOp:transform"]

                    def Xform "Armature_44"
                    {
                        matrix4d xformOp:transform = ( (1, 0, 0, 0), (0, 1, 0, 0), (0, 0, 1, 0), (0, 0, 0, 1) )
                        uniform token[] xformOpOrder = ["xformOp:transform"]

                        def Xform "GLTF_created_0"
                        {
                            matrix4d xformOp:transform = ( (1, 0, 0, 0), (0, 1, 0, 0), (0, 0, 1, 0), (0, 0, 0, 1) )
                            uniform token[] xformOpOrder = ["xformOp:transform"]

                            def Xform "GLTF_created_0_rootJoint"
                            {
                                matrix4d xformOp:transform = ( (1, 0, 0, 0), (0, 1, 0, 0), (0, 0, 1, 0), (0, 0, 0, 1) )
                                uniform token[] xformOpOrder = ["xformOp:transform"]

                                def SkelRoot "skin0"
                                {
                                    def Skeleton "skeleton"
                                    {
                                        uniform matrix4d[] bindTransforms = [( (0, 0, 1, 0), (1, 0, 0, 0), (0, 1, 0, -0), (0.003246307373046875, 0.5042217373847961, 0.013351897709071636, 1) ), ( (-0.008373181781418857, 0.7689725294171842, -0.639226821203879, 0), (-0.3414087474194715, -0.6030356546303075, -0.7209631222736612, 0), (-0.9398775794522956, 0.21220090494332092, 0.2675834020140316, 0), (-0.06209379737957502, 0.5091030623265315, 0.03387703350147195, 1) ), ( (-0.005511492024891101, -0.8146236245442579, -0.5799638980278832, 0), (-0.007967129202519843, -0.5799187552052094, 0.8146353163320168, 0), (-0.9999528770008693, 0.009110465585318467, -0.0032938422373682947, 0), (-0.15847194658940048, 0.3388676358511722, -0.16964672647071805, 0.9999999999999998) ), ( (-0.009082337774306528, -0.9997456493663475, -0.020655918957513366, 0), (-0.0034816537058378044, -0.020625020736380794, 0.9997810689381199, 0), (-0.9999524755300961, 0.009152226599358656, -0.003293292729018985, 0), (-0.16210752863318792, 0.0742379453371418, 0.2020893050554705, 1.0000000000000002) ), ( (-0.026209445679649498, -0.7697438858563418, 0.637814571161065, 0), (0.292770556649139, -0.6159678074132391, -0.7313474484197324, 0), (0.9558234638676655, 0.1675651092870555, 0.24150258839503733, -0), (0.067623436862056, 0.5095388406301716, 0.03426428507314145, 0.9999999999999999) ), ( (0.010277062570519939, 0.8125247812194437, 0.5828362401269808, -0), (0.0030186555960544366, -0.5828895632172693, 0.8125459337703332, 0), (0.9999426664958732, -0.0065911857233476095, -0.008443043348678231, 0), (0.1492698647567567, 0.33775940982525676, -0.1696893371874598, 1.0000000000000002) ), ( (0.006731366378748494, 0.9996844708544274, 0.024205468442345467, -0), (0.00828041848005639, -0.024260876525140942, 0.9996714561432253, 0), (0.9999430433769149, -0.006528705225274007, -0.008441033196169324, 0), (0.15064732986638565, 0.07177424212613222, 0.20109304781355197, 0.9999999999999998) ), ( (0, 0, 1, 0), (1, 0, 0, 0), (0, 1, 0, -0), (0.003583453595638275, 0.551388680934906, 0.020484771579504013, 1) ), ( (-0, 0.28876492754799615, 0.9574000363273715, 0), (1, -0, 0, 0), (0, 0.9574000363273715, -0.28876492754799615, 0), (0.1705041229724884, 0.7687827715112884, -0.0683293699315898, 1) ), ( (0.2648440349933743, -0.1073336431396963, 0.9582991214079305, 0), (0.7682064396609929, -0.5771947209502026, -0.27695665232411204, 0), (0.5828520124230162, 0.8095219295286136, -0.07041220490812192, 0), (0.05745187879881514, 0.7832195667734231, -0.24769284275032105, 1) ), ( (-0.24893623365831738, 0.04679526116563941, 0.9673889353508948, 0), (-0.7776239095166688, -0.6050758332766517, -0.17083498197851904, 0), (0.5773492235706738, -0.7947919249148984, 0.187014800763518, 0), (0.28574677292671136, 0.7877443852664255, -0.2512656975803754, 1) ), ( (-0.009659914763118407, 0.5138455688847557, 0.857828242405575, 0), (-0.025154805164890087, 0.8574718436229305, -0.5139154161142258, 0), (-0.9996367838236033, -0.02654282235364043, 0.004642553249879674, 0), (0.17157751213738284, 0.6061801219829929, -0.20961850989684885, 1) ), ( (-0.050707452007218136, 0.9514990667112557, -0.3034442709081379, 0), (0.9946452331681488, 0.07551016061816522, 0.07056295631533147, -0), (0.09005370771422448, -0.2982413224645544, -0.9502328806264568, 0), (0.1620607528730758, 0.7170503236987348, -0.24187273908963458, 1.0000000000000002) ), ( (0.004465762070429942, -0.9912643468514836, 0.13182089019146154, 0), (-0.9991500105407546, -0.00982530208160743, -0.04003513719306057, 0), (0.040980548396382994, -0.13152988641356958, -0.9904648706571589, 0), (0.1440007006977381, 0.7143092405438798, -0.285381496939702, 1) ), ( (-0.004070564621120918, 0.2715435732221359, 0.9624175454486283, -0), (0.9990683458372632, -0.04024624073626304, 0.015580950461573135, 0), (0.042964597074580224, 0.9615843018870763, -0.27112671617714523, 0), (-0.1696716126391698, 0.7674397999842733, -0.06020603431122655, 1) ), ( (0.021345824335301435, 0.46401092592577886, 0.8855723286133113, -0), (0.0776921365677008, -0.883865353927664, 0.46124387412426693, 0), (0.996748788757865, 0.05895641286073865, -0.05491686592512635, 0), (-0.16473762558078967, 0.6089767654127161, -0.207488178746484, 0.9999999999999998) ), ( (0.4279614838479106, 0.05707028671157901, 0.9019938609347512, -0), (-0.8224093573831842, 0.4384833830780505, 0.3624579141512795, 0), (-0.3748231354766007, -0.8969256329882654, 0.23458942491167634, 0), (-0.28218273053180176, 0.7902825263573426, -0.23828203867370729, 1) ), ( (0.19860123324806156, -0.9728726575754837, 0.1186443812719622, 0), (-0.9700701525806623, -0.17786929627866643, 0.1653081772586907, 0), (-0.13972067190574575, -0.14792359200123223, -0.979079773682587, 0), (-0.17066591073525386, 0.7143094433179267, -0.28538158396084984, 0.9999999999999999) ), ( (-0.25995702329072085, 0.9234409183770775, -0.28227481085637113, 0), (0.9637664827153158, 0.23002018577199196, -0.13507320635411021, -0), (-0.059803222999257534, -0.30716029504864545, -0.9497768203419783, 0), (-0.15260590690224865, 0.7170503806687568, -0.24187275288961457, 1) ), ( (0.08509120057154661, 0.06807395089732104, 0.9940450658164928, -0), (0.44717047395212434, -0.8941543098632748, 0.022955032161010486, 0), (0.8903922486437762, 0.44255422825256896, -0.10652530173736395, 0), (0.2648588094122721, 0.7716454128104356, 0.036099968929350544, 0.9999999999999999) ), ( (-0.00002726912362208387, 0.999920896494971, 0.012586914417004148, -0), (0.00007299333755218248, -0.01258690292937498, 0.999920832354747, 0), (0.9999999939280048, 0.000028163194467610307, -0.00007265806321670389, 0), (0.3882129168236754, 0.5249886911994135, 0.04243223192978246, 1) ), ( (0.000021571376007261152, -0.00029266395948712585, 0.9999999138890919, 0), (0.7725417376394657, 0.6349640151872201, 0.00016921339000245962, 0), (-0.6349638807245926, 0.7725418426425051, 0.00023973141145059132, 0), (0.3901912651775911, 0.5400621418806658, 0.3696471676180366, 1) ), ( (-0.026647567930225262, 0.03215614378984961, 0.9991276190983311, 0), (0.7725887077069769, 0.6349069593450029, 0.0001716557055825809, -0), (-0.6343474190830344, 0.7719193837465891, -0.041762253578514374, 0), (0.29067472050332294, 0.6391251601484134, 0.4192306732226135, 1.0000000000000002) ), ( (0.027022100645932502, -0.03246615147149593, 0.9991074216623318, 0), (-0.7659660543142444, -0.6428808214058235, -0.00017404784498255448, 0), (0.6423125266820288, -0.7652779825212581, -0.0422398951756025, 0), (0.5336958529818139, 0.3508127176276334, 0.3723478551890722, 1) ), ( (0.0000214464446083022, 0.00005072304324735137, 0.9999999969674229, 0), (0.9999999969733319, -0.00005066273224812126, -0.00002145762935682261, 0), (0.00005065811876264241, 1.0000001140704375, -0.00005071437924584475, 0), (0.37708982108757366, 0.5238342725156944, 0.56192347639441, 1.0000000000000002) ), ( (0.07905040908639942, -0.07207024200932272, -0.994262007935606, 0), (-0.44053450338641725, -0.8972336849501497, 0.030011620169419904, 0), (-0.894248446037511, 0.4356343368952055, -0.10267613948722842, 0), (-0.26712321120358806, 0.7755422923776626, 0.03405122189119859, 1) ), ( (0.00004556774809947174, -0.9999206944861763, -0.012585431338466067, 0), (-0.00007305294496591688, -0.012585390453368327, 0.9999208699525234, 0), (-0.9999999925885579, -0.00004458427489043143, -0.00007363408738277627, 0), (-0.39014289583123746, 0.5249890310110759, 0.042431990174673424, 1.0000000000000002) ), ( (-0.00004746261612534815, -0.9999207058914725, -0.01258497078261952, 0), (-0.00007361172977074863, -0.012584923703760098, 0.9999208816294873, 0), (-0.9999999923247072, 0.00004844572178181176, -0.00007302201749826361, 0), (-0.3901656986741085, 0.5210565347056022, 0.3548757903924106, 1.0000000000000002) ), ( (-0.8807591069561823, 0.04461828354857943, 0.4714579047956172, 0), (-0.16486699009725525, 0.9043821876290324, -0.39358791966937257, 0), (-0.44393944556088255, -0.4243839249823809, -0.7891870556947049, 0), (-0.43996464996010265, 0.5313957308730973, 0.14003395045233896, 1) ), ( (-0.6936625102919911, 0.07751656257088248, 0.7161169522173341, 0), (0.5423010428328403, 0.7105356188251019, 0.44838444979289, -0), (-0.47406931242056344, 0.6993784699101995, -0.5349092249116358, 0), (-0.11848683290463834, 0.832677258854018, -0.13621285342877032, 1) ), ( (0, 0, 1, 0), (1, 0, 0, 0), (0, 1, 0, -0), (7.450580596923828e-9, 0.7510270476341248, 0.23009921610355377, 1) ), ( (0, -0.9993870030221244, 0.03500850418769399, 0), (1, 0, -0, 0), (0, 0.03500850418769399, 0.9993870030221244, 0), (-0.0066160038113594055, 0.7360585999592422, 0.03402341898877439, 1) ), ( (-0.17287181101418247, -0.0863173764101923, 0.9811546997793245, 0), (0.9780847745711092, 0.10231614084334044, 0.18133220783289036, -0), (-0.1160400947032639, 0.9909997740451623, 0.06673815212996412, 0), (0.0013043757360575007, 0.8454939875911284, 0.2212134435658549, 0.9999999999999998) )]
                                        uniform token[] joints = ["n8", "n8/n9", "n8/n9/n10", "n8/n9/n10/n11", "n8/n12", "n8/n12/n13", "n8/n12/n13/n14", "n8/n15", "n8/n15/n16", "n8/n15/n16/n17", "n8/n15/n16/n18", "n8/n15/n16/n19", "n8/n15/n16/n20", "n8/n15/n16/n21", "n8/n15/n22", "n8/n15/n22/n23", "n8/n15/n22/n24", "n8/n15/n22/n25", "n8/n15/n22/n26", "n8/n15/n27", "n8/n15/n27/n28", "n8/n15/n27/n28/n29", "n8/n15/n27/n28/n29/n30", "n8/n15/n27/n28/n29/n31", "n8/n15/n27/n28/n32", "n8/n15/n33", "n8/n15/n33/n34", "n8/n15/n33/n34/n35", "n8/n15/n33/n34/n36", "n8/n15/n37", "n8/n15/n38", "n8/n15/n39", "n8/n15/n40"]
                                        uniform matrix4d[] restTransforms = [( (-3.506810486442191e-8, 0.08558720370162831, 0.996330718536143, 0), (1.0000000350681049, -3.506810486442191e-8, 0, 0), (0, 0.996330718536143, -0.08558723876973318, 0), (0.027224447578191757, 0.49353212118148804, 0.012746620923280716, 1) ), ( (-0.5688335206070785, 0.024961756296001326, 0.8220751853013574, 0), (-0.7707499184877662, -0.36498487094308985, -0.5222364655107725, 0), (0.28700862859840137, -0.9306788211621362, 0.22685440504947388, 0), (0.020525135099887848, -0.0653400793671608, 0.004881319124251604, 1) ), ( (-0.3083193272925839, 0.8948145203431249, -0.3228723438411756, 0), (-0.9512806649628957, -0.29082268108120124, 0.10241153912478179, 0), (-0.0022592477982568766, 0.3387172666916378, 0.9408847986401792, 0), (-0.00000144187549722119, 0.2822955548763275, -1.3814736021799945e-8, 1) ), ( (0.8264015661005654, 0.5629864881650971, -3.271248070224308e-7, 0), (-0.5630157175314339, 0.8264444715602406, -1.5567240927059698e-7, 0), (1.8272525171021873e-7, 3.1285208506776517e-7, 1.0000339746474562, 0), (-4.781717244384254e-10, 0.4563220143318176, 9.720990234995952e-9, 1) ), ( (0.6501631421357631, -0.031152645327309044, -0.7591560508737879, 0), (-0.72128715661305, 0.2887429605326236, -0.6295799979871707, 0), (0.23881429915348334, 0.9569001169383804, 0.1652601749522167, 0), (0.02091233618557453, 0.06437712907791138, 0.00531698577105999, 1) ), ( (-0.21364230667394551, -0.933883722897872, 0.28672887032414207, 0), (0.9761080689566074, -0.19215540304603057, 0.10144487796796374, 0), (-0.03964125513546293, 0.30155150592976654, 0.952624644154021, 0), (0.00000147251637372392, 0.27887535095214844, 8.810337703835103e-8, 1) ), ( (0.8264949352461203, -0.5630504652638879, -9.338489672394854e-8, 0), (0.5630173766667249, 0.8264463648965994, -7.915412179125091e-7, 0), (5.227888334996149e-7, 6.015510835174791e-7, 0.9999338984486265, 0), (3.462730191472474e-8, 0.45632174611091614, 3.4340190691040107e-9, 1) ), ( (0.9625518302785887, 0, -0.2710975001427173, 0), (0, 1, 0, 0), (0.2710975001427173, 0, 0.9625518302785887, 0), (0.007132870145142078, 0.00033714622259140015, 0.04716694355010986, 1) ), ( (0.9304352793094526, 1.6855710056288816e-8, 0.36645611179763643, 0), (-1.0737828781565306e-8, 0.9999999999999998, -1.8733091239013162e-8, 0), (-0.36645591521524756, 1.3494979134590467e-8, 0.9304347801850441, 0), (-0.08881417661905289, 0.16692063212394714, 0.2173941731452942, 1) ), ( (1.0611897700483994, -0.17688977859992144, -0.011726495939316033, 0), (0.11164997602191014, 0.6957343952635524, -0.3911221766612717, 0), (0.09128162414089705, 0.48830357617467124, 0.8946595328685448, 0), (-0.16755378246307373, -0.11305228620767593, 0.06561554968357086, 1) ), ( (1.0189130218848372, 0.15573701153854266, 0.09883958716090648, 0), (0.22903411902965035, -1.1015821539309303, -0.6253439291904827, 0), (0.008583969743077824, 0.4928997577320919, -0.865129618338118, 0), (-0.1696677953004837, 0.1152426078915596, 0.07097941637039185, 1) ), ( (1.0033485245877687, -0.06791905029455561, -0.08591613209181517, 0), (0.08940241274627349, -0.02922885885345246, 1.0671683428745133, 0), (-0.06945783095021228, -0.9988350016719398, -0.021538410209770653, 0), (-0.18222421407699585, 0.0010733954841271043, -0.11487659066915512, 1) ), ( (0.012734841330662942, 0.0031942219312421317, 1.0181864308231654, 0), (-0.029496986901175574, 0.9569887713850593, -0.002633301813475671, 0), (-1.0259057135591925, -0.031585609889785114, 0.01293047862247599, 0), (-0.18108896911144257, -0.008443334139883518, 0.0005844685947522521, 1) ), ( (-0.1522057070683798, -0.059802220101337476, -0.9930442534448046, 0), (0.0046589889046744675, -0.9321555224583772, 0.05542134795603395, 0), (-0.9739427355960701, 0.003993193371793254, 0.14903774258103533, 0), (-0.22353579103946686, -0.026503384113311768, 0.010524196550250053, 1) ), ( (0.9515959111291361, -0.007417395131065978, 0.3377009024341338, 0), (0.007065512048195329, 1.0454657459906205, 0.0030533536296555464, 0), (-0.3267242449614472, -0.00048075266906600706, 0.9206546011600049, 0), (-0.08069080114364624, -0.1732550412416458, 0.216050922870636, 1) ), ( (0.7449107760902446, 0.14990922233327705, 0.7341936075015344, 0), (1.1253671090924533, -0.12843212630805764, -1.11557098830243, 0), (-0.04138497305782522, 0.9402841451659778, -0.15000025313417867, 0), (-0.18124325573444366, 0.0008750273264013231, -0.11842893064022064, 1) ), ( (0.840800673802472, 0.6314434891099207, -0.30150259924064937, 0), (0.5411171111291622, -0.5747439232431436, 0.3053153259598006, 0), (0.022012568131215257, -0.4738929397435132, -0.9310979092978412, 0), (-0.16413716971874237, -0.1044200137257576, 0.06439140439033508, 1) ), ( (-0.10658828374878163, 0.17752710738100289, -0.9913095631068314, 0), (0.16414631923722095, -0.9441619127177067, -0.18673320210938632, 0), (-0.9585922503003744, -0.180641946831455, 0.07072045951679715, 0), (-0.22903695702552795, 0.00034432081156410277, 0.00625805277377367, 1) ), ( (-0.031553660777232394, -0.23777212685476745, 0.9539533675468311, 0), (-0.18812051523571818, 0.9726308165963271, 0.23620503082977337, 0), (-1.0042810920782115, -0.17554891266246533, -0.07697376663237306, 0), (-0.1867765635251999, 0.017129316926002502, -0.0016314338427037, 1) ), ( (0.9940449995611969, 0.0850913061905556, 0.06807355283983219, 0), (0.022954701960058978, 0.4471712731963148, -0.8941562933078155, 0), (-0.10652524790514854, 0.8903923959178898, 0.4425542256181348, 0), (0.015615214593708515, 0.2612752616405487, 0.2202567756175995, 1) ), ( (0.08058198436020327, -0.8938259027541032, 0.4411934356053445, 0), (0.9931153445096357, 0.03423897673241557, -0.11202236761069992, 0), (0.08501769871133018, 0.4471580995875209, 0.8903816330706231, 0), (2.2186521064782028e-8, 0.2758547365665436, 6.456940582211246e-8, 1) ), ( (0.012293991102924041, 0.999924405727776, -0.000050992686100150356, 0), (0.6349140977899952, -0.007767086012087373, 0.772540511368796, 0), (0.7724640020265157, -0.009529888610040189, -0.6349471912700898, 0), (0.01919023133814335, 0.32699939608573914, 0.0019545068498700857, 1) ), ( (0.9991179033804773, 6.845922926760584e-7, 0.042001554104565374, 0), (0.000002410844410063338, 1.0000008317501434, -0.00007364753515834954, 0), (-0.042002034710422805, 0.00007368461188243484, 0.9991293346592227, 0), (0.04955243319272995, -0.013971160165965557, 0.1397329866886139, 1) ), ( (0.9991176521769828, 0.00042988293517413006, -0.04199965358105568, 0), (-0.0000023820612953523834, -0.9999485485710062, -0.010291530946938625, 0), (-0.042002394223291516, 0.010282669183696504, -0.9990777977824709, 0), (0.002759163733571768, -0.009302853606641293, -0.23732545971870422, 1) ), ( (0.012598902665108833, 0.9999324800443905, -0.00005194881048045896, 0), (-0.00005110955229333325, 0.000052548697410127755, 1.00002078839824, 0), (0.9997573159319132, -0.012596741613682313, 0.000051709966125498256, 0), (0.005384255200624466, 0.5194638967514038, -0.011161216534674168, 1) ), ( (-0.9849785236569896, -0.1598489136189619, -0.06531422732814879, 0), (0.15784749397433961, -0.6801318275496404, -0.7158939143576059, 0), (0.07001260045291288, -0.7154500033779301, 0.6951471357122657, 0), (0.013566452078521252, -0.2707066833972931, 0.22415363788604736, 1) ), ( (0.27004973134032034, 0.8325726740858073, -0.48376101381136927, 0), (-0.9261954689261255, 0.3618952005970987, 0.10580681481033072, 0), (0.26315118325932, 0.41946582596835935, 0.8688167631627393, 0), (2.6300778444010575e-8, 0.2792508006095886, -1.9653358052096337e-8, 1) ), ( (0.9997930526733377, -3.947690175624073e-8, -5.2168582358973074e-8, 0), (3.9485065830978784e-8, 0.9999998211860649, -3.739005467096646e-9, 0), (5.2179116528615055e-8, 3.738985132105557e-9, 0.9999949336051928, 0), (-7.230394949431229e-9, 0.3124685287475586, -6.57672956094757e-8, 1) ), ( (-0.05054749051812099, 0.47091597657862505, 0.8807100310910216, 0), (-0.8993109920528779, -0.4049056160663483, 0.16488815427731143, 0), (0.43427268126988705, -0.7837333924214156, 0.4439870425829286, 0), (-0.007634058129042387, 0.09751727432012558, 0.04981369152665138, 1) ), ( (0.7161170469696587, -0.6936627530952189, 0.0775167798971836, 0), (0.44838495588427163, 0.5423018943743457, 0.7105367483870959, 0), (-0.5349071100336168, -0.474067243861168, 0.6993753109956217, 0), (-0.156697615981102, -0.1220703199505806, 0.28128859400749207, 1) ), ( (0.9999999403953335, 0, -2.0861637217705413e-7, 0), (0, 1, 0, 0), (2.0861617322496614e-7, 0, 0.9999989867210171, 0), (0.20961442589759827, -0.0035834498703479767, 0.19963842630386353, 1) ), ( (0.03500839713762623, 0, -0.9993871258901925, 0), (0, 1, 0, 0), (0.9993871258901925, 0, 0.03500839713762623, 0), (0.013538660481572151, -0.010199461132287979, 0.18466997146606445, 1) ), ( (0.9811545861793335, -0.17287171011770758, -0.08631808966693309, 0), (0.18133227660607942, 0.9780850915497048, 0.10231635909105648, 0), (0.06673892078362578, -0.11604057241585639, 0.9910011925250257, 0), (0.200728639960289, -0.002279068809002638, 0.2941052317619324, 1) )]
                                    }

                                    def SkelAnimation "Armature_Work_full"
                                    {
                                        uniform token[] joints = ["n8", "n8/n9", "n8/n9/n10", "n8/n9/n10/n11", "n8/n12", "n8/n12/n13", "n8/n12/n13/n14", "n8/n15", "n8/n15/n16", "n8/n15/n16/n17", "n8/n15/n16/n18", "n8/n15/n16/n19", "n8/n15/n16/n20", "n8/n15/n16/n21", "n8/n15/n22", "n8/n15/n22/n23", "n8/n15/n22/n24", "n8/n15/n22/n25", "n8/n15/n22/n26", "n8/n15/n27", "n8/n15/n27/n28", "n8/n15/n27/n28/n29", "n8/n15/n27/n28/n29/n30", "n8/n15/n27/n28/n29/n31", "n8/n15/n27/n28/n32", "n8/n15/n33", "n8/n15/n33/n34", "n8/n15/n33/n34/n35", "n8/n15/n33/n34/n36", "n8/n15/n37", "n8/n15/n38", "n8/n15/n39", "n8/n15/n40"]
                                        quatf[] rotations.timeSamples = {
                                            0: [(0.47812468, -0.5209576, -0.5209576, -0.47812468), (0.27066448, 0.37725905, -0.49421492, 0.7349613), (0.5791683, -0.10200229, 0.13839374, 0.7968731), (0.94448614, -1.3038587e-7, 1.3157268e-7, 0.3285513), (0.72528726, -0.54684544, 0.3439913, 0.23788334), (0.6218576, -0.08044726, -0.13120803, -0.767858), (0.95676327, -3.6125158e-7, 1.6265608e-7, -0.2908678), (0.9905937, 0, 0.13683586, 0), (0.98245496, -8.200905e-9, -0.18650022, 7.0215798e-9), (0.9648696, -0.24938421, 0.025936268, -0.07849529), (0.25465453, -0.9628884, -0.08524555, -0.027021365), (0.69737107, 0.7146477, 0.0056528393, -0.05404031), (0.71144664, 0.009846371, -0.70256996, 0.011928122), (0.021232009, 0.6511003, -0.020899845, -0.75840676), (0.98549205, 0.0008657077, -0.16968185, -0.003577832), (0.605565, -0.69698966, -0.30479246, -0.2336624), (0.22280417, 0.9136077, 0.33290672, -0.0696585), (0.0024504531, -0.66885614, -0.12836197, 0.7322217), (0.67964476, 0.14847179, -0.71805257, -0.020969985), (0.84908324, -0.5254333, -0.051408026, 0.018295221), (0.7080288, -0.19744603, -0.1257571, -0.6662549), (0.30395895, 0.6432387, 0.635394, 0.3002123), (0.9997794, -0.00003682603, -0.0210054, -4.3507117e-7), (0.0051447307, -0.9997662, -0.00010689631, 0.021005282), (0.5031658, 0.5031139, 0.49684057, 0.49684012), (0.08665549, -0.0012815516, 0.39041615, -0.9165503), (0.79068416, -0.09917045, 0.23614845, 0.5560735), (0.99999994, -7.457813e-9, 3.7416625e-9, -1.2290446e-8), (0.49712232, 0.4770695, -0.22451323, 0.68910664), (0.8599123, 0.34439704, -0.17804901, -0.33202425), (1, 0, 1.11758766e-7, 0), (0.71937764, 0, 0.6946192, 0), (0.99376047, 0.054931935, 0.038504485, -0.08910698)],
                                            4: [(0.47609654, -0.5228117, -0.5228117, -0.47609654), (0.27022928, 0.37686655, -0.49461493, 0.73505366), (0.5789127, -0.10202633, 0.13838749, 0.7970569), (0.94448614, -1.3124166e-7, 1.3325906e-7, 0.3285513), (0.72522175, -0.5465695, 0.3443204, 0.23824091), (0.6211724, -0.08054779, -0.13115573, -0.76841074), (0.95676327, -3.6137112e-7, 1.6263246e-7, -0.2908678), (0.988115, -0.004277068, 0.15249452, 0.018865345), (0.9809724, -9.1286423e-10, -0.19414745, 8.5837355e-9), (0.965008, -0.24992144, 0.027291661, -0.07452559), (0.25546724, -0.96304995, -0.08131268, -0.025682343), (0.697239, 0.7150101, 0.0026088397, -0.051102865), (0.71144664, 0.009846368, -0.70256996, 0.011928119), (0.021232009, 0.6511003, -0.020899845, -0.75840676), (0.98413974, 0.00094265887, -0.17735323, -0.0037358983), (0.60712355, -0.69766635, -0.30247378, -0.23059143), (0.22272491, 0.91503465, 0.32923603, -0.068621084), (0.0024504531, -0.66885614, -0.12836197, 0.7322217), (0.67964476, 0.14847179, -0.71805257, -0.020969996), (0.8492485, -0.5254639, -0.048880093, 0.016595226), (0.70543575, -0.19833708, -0.12478819, -0.6689176), (0.30395895, 0.6432387, 0.635394, 0.30021226), (0.9997794, -0.000036840967, -0.0210054, -4.33522e-7), (0.0051447237, -0.9997662, -0.00010690398, 0.021005293), (0.5031658, 0.50311387, 0.49684057, 0.49684012), (0.11259896, 0.0067186556, 0.365496, -0.92395294), (0.7953828, -0.10441076, 0.22880311, 0.5514649), (0.98768836, -9.980232e-9, -0.15643455, -1.2896389e-8), (0.49712235, 0.4770695, -0.22451325, 0.68910664), (0.8599123, 0.34439707, -0.17804901, -0.33202425), (1, -1.1641532e-10, 1.15484056e-7, 1.2805685e-9), (0.71937764, 4.8154286e-10, 0.6946192, -4.6496992e-10), (0.99376047, 0.054931935, 0.038504492, -0.08910698)],
                                            8: [(0.4743838, -0.5243663, -0.5243664, -0.4743838), (0.26979387, 0.37647378, -0.49501467, 0.73514575), (0.58126354, -0.10155221, 0.1387718, 0.7953378), (0.94448614, -1.3055298e-7, 1.315206e-7, 0.3285513), (0.7251561, -0.5462933, 0.34464926, 0.2385983), (0.6204868, -0.08064821, -0.1311033, -0.7689629), (0.95676327, -3.6185799e-7, 1.6272178e-7, -0.2908678), (0.985016, -0.008554137, 0.1680675, 0.037730686), (0.97585964, -3.3463738e-9, -0.21839863, 2.880485e-10), (0.9651291, -0.25045422, 0.028646512, -0.070554584), (0.2562754, -0.96319413, -0.07737824, -0.024342827), (0.6970943, 0.7153597, -0.0004353671, -0.04816437), (0.71144664, 0.009846371, -0.70256996, 0.01192812), (0.021232009, 0.6511003, -0.020899842, -0.75840676), (0.97944, 0.0012191322, -0.20168777, -0.0042336956), (0.6086713, -0.69833076, -0.30014968, -0.22751632), (0.22264196, 0.91644657, 0.3255594, -0.067582384), (0.0024504531, -0.66885614, -0.12836197, 0.7322217), (0.67964476, 0.14847183, -0.71805257, -0.020970007), (0.8494059, -0.52548957, -0.04635144, 0.014894906), (0.6881219, -0.20244715, -0.11908864, -0.6865285), (0.30395895, 0.6432387, 0.635394, 0.30021226), (0.9997794, -0.000036870646, -0.0210054, -4.397346e-7), (0.005144723, -0.9997662, -0.00010689647, 0.021005282), (0.5031658, 0.5031139, 0.49684057, 0.49684012), (0.14636806, 0.036227353, 0.33624586, -0.9296251), (0.79912496, -0.122038335, 0.20753889, 0.550848), (0.9510565, 1.8684396e-8, -0.3090171, -1.2645903e-9), (0.49712235, 0.47706953, -0.22451323, 0.6891066), (0.8599123, 0.34439707, -0.17804901, -0.33202425), (1, -4.656613e-10, 1.0803348e-7, -2.9103833e-9), (0.71937764, 1.2027964e-9, 0.6946192, -5.1408894e-10), (0.99376047, 0.054931935, 0.038504485, -0.089106984)],
                                            12: [(0.47296944, -0.52564245, -0.52564245, -0.47296944), (0.26860517, 0.37540117, -0.4961042, 0.7353951), (0.5836093, -0.10107716, 0.13915494, 0.79361165), (0.94448614, -1.3116198e-7, 1.3230982e-7, 0.3285513), (0.72509015, -0.54601705, 0.3449781, 0.23895566), (0.6198006, -0.08074861, -0.13105083, -0.7695145), (0.95676327, -3.6128722e-7, 1.6273167e-7, -0.2908678), (0.9813026, -0.012823175, 0.18352558, 0.056560613), (0.9701475, -4.7045785e-9, -0.24251571, -6.5842882e-9), (0.9652329, -0.2509825, 0.030000906, -0.0665822), (0.25707892, -0.9633211, -0.07344239, -0.023002857), (0.696937, 0.7156964, -0.0034795124, -0.045225054), (0.71144664, 0.009846364, -0.70256996, 0.011928118), (0.021232016, 0.6511003, -0.020899842, -0.75840676), (0.97413826, 0.0014948696, -0.22589839, -0.0047288896), (0.6102081, -0.69898283, -0.2978204, -0.22443739), (0.2225553, 0.91784334, 0.32187703, -0.06654246), (0.0024504531, -0.66885614, -0.12836197, 0.7322217), (0.67964476, 0.14847179, -0.71805257, -0.02096999), (0.8495554, -0.5255105, -0.04382216, 0.01319429), (0.67034256, -0.20642635, -0.11330671, -0.7036978), (0.30395895, 0.6432387, 0.635394, 0.30021226), (0.9997794, -0.000036863195, -0.0210054, -4.3957814e-7), (0.005144709, -0.9997662, -0.00010690051, 0.021005282), (0.5031658, 0.5031139, 0.49684057, 0.49684012), (0.1826301, 0.07620653, 0.31135014, -0.9294622), (0.8022481, -0.13958459, 0.18609661, 0.54980195), (0.89100647, 1.0086466e-8, -0.45399052, 5.001827e-9), (0.49712235, 0.47706953, -0.22451329, 0.6891066), (0.8599123, 0.34439707, -0.17804901, -0.33202428), (1, 1.3969843e-9, 1.1920935e-7, 2.6775526e-9), (0.71937764, 2.017204e-9, 0.6946192, -5.845134e-12), (0.99376047, 0.05493193, 0.038504496, -0.089106984)],
                                            16: [(0.47183615, -0.52665985, -0.5266599, -0.47183615), (0.26741537, 0.37432715, -0.4971919, 0.73564154), (0.5875161, -0.10030436, 0.13975812, 0.7907159), (0.94448614, -1.3088325e-7, 1.3239566e-7, 0.3285513), (0.7249019, -0.5452317, 0.34591076, 0.23996955), (0.61779565, -0.08104203, -0.13089769, -0.7711203), (0.95676327, -3.6117663e-7, 1.625725e-7, -0.2908678), (0.9784308, -0.016187446, 0.19383375, 0.06956797), (0.96193117, -7.795858e-9, -0.27329195, 1.357077e-9), (0.96531945, -0.25150627, 0.031354707, -0.062608786), (0.25787786, -0.96343076, -0.06950549, -0.021662539), (0.6967672, 0.7160202, -0.006523511, -0.042285), (0.71144664, 0.009846371, -0.70256996, 0.011928122), (0.021232003, 0.6511003, -0.02089984, -0.75840676), (0.9664454, 0.0019557963, -0.2568091, -0.0053489753), (0.611734, -0.69962245, -0.29548618, -0.22135478), (0.2224649, 0.91922504, 0.31818908, -0.065501355), (0.0024504531, -0.66885614, -0.12836197, 0.7322217), (0.67964476, 0.1484718, -0.71805257, -0.020970007), (0.84969693, -0.5255264, -0.0412923, 0.011493446), (0.6521327, -0.21026677, -0.107453875, -0.72039187), (0.30395895, 0.6432387, 0.635394, 0.30021226), (0.9997794, -0.000036855865, -0.0210054, -4.3383503e-7), (0.0051447237, -0.9997662, -0.00010690206, 0.021005282), (0.5031658, 0.5031139, 0.49684057, 0.49684012), (0.21234208, 0.111998565, 0.29579994, -0.9245916), (0.80474496, -0.15700874, 0.1645263, 0.5483293), (0.8090168, 8.812705e-9, -0.58778536, 9.812228e-9), (0.49712232, 0.4770695, -0.22451328, 0.68910664), (0.8599123, 0.34439707, -0.17804903, -0.33202425), (1, 9.31323e-10, 1.0430818e-7, 4.7730278e-9), (0.71937764, -3.0986231e-9, 0.6946192, 2.9919796e-9), (0.99376047, 0.054931935, 0.038504485, -0.089106984)],
                                            20: [(0.47096658, -0.5274376, -0.5274377, -0.47096658), (0.26553997, 0.37263307, -0.49890062, 0.736024), (0.59140867, -0.09952905, 0.14035791, 0.7878004), (0.94448614, -1.3083094e-7, 1.3143483e-7, 0.3285513), (0.7247118, -0.5444451, 0.34684262, 0.24098286), (0.6157865, -0.08133491, -0.13074365, -0.772721), (0.95676327, -3.6146582e-7, 1.6265945e-7, -0.2908678), (0.97725123, -0.017527146, 0.1977657, 0.074576534), (0.9527289, -8.362328e-9, -0.3038217, 1.721292e-9), (0.96546644, -0.25288245, 0.034997076, -0.051963415), (0.25998598, -0.96364194, -0.058955457, -0.018052269), (0.69625336, 0.7168226, -0.014653685, -0.03437875), (0.7114466, 0.00984636, -0.70257, 0.011928113), (0.021232009, 0.6511003, -0.020899845, -0.75840676), (0.957762, 0.0024152193, -0.28749016, -0.005964263), (0.61579996, -0.7012609, -0.28911552, -0.2131566), (0.22211847, 0.92287534, 0.30826366, -0.06275387), (0.002450448, -0.66885614, -0.12836197, 0.7322217), (0.6796447, 0.14847182, -0.7180526, -0.020970015), (0.8498306, -0.52553743, -0.038761947, 0.009792426), (0.6441044, -0.2118305, -0.10487757, -0.7275013), (0.30395895, 0.6432387, 0.635394, 0.30021226), (0.9997794, -0.00003682603, -0.0210054, -4.3507117e-7), (0.0051447386, -0.9997662, -0.00010690178, 0.02100529), (0.5031658, 0.5031139, 0.49684057, 0.49684012), (0.22461762, 0.127431, 0.2905989, -0.9213363), (0.8049364, -0.16749421, 0.1531421, 0.54824317), (0.7071067, -5.9968355e-9, -0.7071068, -1.1292981e-8), (0.49712232, 0.4770695, -0.22451323, 0.68910664), (0.8599123, 0.34439707, -0.17804901, -0.33202425), (1, -4.440892e-16, 1.11758766e-7, 1.5133992e-9), (0.71937764, -3.4336096e-9, 0.6946192, 3.3154364e-9), (0.99376047, 0.054931935, 0.038504492, -0.089106984)],
                                            24: [(0.47034314, -0.5279937, -0.5279937, -0.47034314), (0.263662, 0.37093544, -0.50060475, 0.7363995), (0.59528655, -0.0987513, 0.14095417, 0.7848656), (0.94448614, -1.3074748e-7, 1.3146087e-7, 0.3285513), (0.7245197, -0.543657, 0.3477735, 0.24199556), (0.6137731, -0.081627265, -0.13058877, -0.7743166), (0.95676327, -3.6101957e-7, 1.6258866e-7, -0.2908678), (0.97725123, -0.017527146, 0.1977657, 0.074576534), (0.9425688, -7.6150375e-9, -0.3340121, 6.0947047e-9), (0.9654894, -0.2542268, 0.038636822, -0.041305993), (0.2620617, -0.9637289, -0.048392523, -0.014437868), (0.695649, 0.7175326, -0.02278615, -0.026463978), (0.71144664, 0.009846373, -0.70256996, 0.011928119), (0.021232016, 0.6511003, -0.020899845, -0.75840676), (0.9481146, 0.002871703, -0.3178479, -0.006572861), (0.61978966, -0.7028112, -0.28270498, -0.20492725), (0.22174521, 0.92641723, 0.29829597, -0.05999741), (0.002450458, -0.66885614, -0.12836197, 0.7322217), (0.67964476, 0.1484718, -0.71805257, -0.020970007), (0.84995633, -0.52554363, -0.03623116, 0.008091248), (0.64421064, -0.21163584, -0.104894765, -0.7274614), (0.30395895, 0.6432387, 0.635394, 0.30021226), (0.9997794, -0.000036848414, -0.021005403, -4.3367837e-7), (0.0051447237, -0.9997662, -0.00010690021, 0.021005286), (0.5031658, 0.5031139, 0.49684057, 0.49684012), (0.22652331, 0.1268227, 0.29035836, -0.92102945), (0.80490863, -0.16770466, 0.15314387, 0.54821914), (0.587785, 2.0529981e-8, -0.80901724, -1.900163e-8), (0.49712232, 0.4770695, -0.22451323, 0.68910664), (0.8599123, 0.34439707, -0.17804901, -0.33202425), (1, -1.8626458e-9, 1.04308164e-7, 1.1641531e-9), (0.71937764, 6.0687864e-11, 0.6946192, 1.2360236e-9), (0.99376047, 0.054931935, 0.038504492, -0.089106984)],
                                            28: [(0.4699483, -0.52834517, -0.52834517, -0.4699483), (0.26178163, 0.36923438, -0.502304, 0.736768), (0.5979274, -0.09822061, 0.1413545, 0.78285027), (0.94448614, -1.3157104e-7, 1.3413221e-7, 0.3285513), (0.7243259, -0.54286754, 0.34870353, 0.2430076), (0.6117557, -0.081919044, -0.13043298, -0.77590686), (0.95676327, -3.6181652e-7, 1.6276947e-7, -0.2908678), (0.97725123, -0.017527146, 0.19776566, 0.07457652), (0.9355112, 2.1953146e-9, -0.35329714, 1.4509273e-8), (0.9653881, -0.2555388, 0.042272486, -0.030640377), (0.26410422, -0.96369165, -0.03782056, -0.010820644), (0.69495434, 0.71814954, -0.030917803, -0.018543674), (0.7114466, 0.009846366, -0.70257, 0.011928113), (0.021232007, 0.6511003, -0.020899842, -0.75840676), (0.94138426, 0.0032227773, -0.33724904, -0.006955177), (0.6237014, -0.7042724, -0.276257, -0.19667), (0.2213454, 0.92984927, 0.28828982, -0.05723298), (0.0024504578, -0.6688561, -0.12836196, 0.7322218), (0.6796447, 0.1484718, -0.7180526, -0.020970004), (0.8500742, -0.5255449, -0.033699986, 0.006389988), (0.6443168, -0.2114412, -0.10491196, -0.72742146), (0.30395895, 0.6432388, 0.63539404, 0.3002123), (0.9997794, -0.000036848338, -0.0210054, -4.3740297e-7), (0.005144731, -0.9997662, -0.00010690192, 0.021005286), (0.5031658, 0.50311387, 0.49684057, 0.49684012), (0.22842804, 0.12621383, 0.2901167, -0.9207188), (0.80488086, -0.16791514, 0.15314563, 0.548195), (0.4539905, 1.7172038e-8, -0.8910065, -2.797732e-9), (0.49712235, 0.47706953, -0.22451325, 0.6891066), (0.8599123, 0.34439707, -0.17804901, -0.33202425), (1, -4.6566173e-10, 1.04308185e-7, 1.396984e-9), (0.71937764, 2.561556e-9, 0.6946192, -5.314625e-10), (0.99376047, 0.054931935, 0.038504485, -0.089106984)],
                                            32: [(0.46976456, -0.5285085, -0.52850854, -0.46976456), (0.25941572, 0.3670923, -0.50443214, 0.7372211), (0.5982192, -0.098162316, 0.14139803, 0.7826267), (0.94448614, -1.3126937e-7, 1.3325132e-7, 0.3285513), (0.72404194, -0.54172176, 0.35004893, 0.2444723), (0.60973424, -0.08221028, -0.13027635, -0.7774919), (0.95676327, -3.6175402e-7, 1.627502e-7, -0.2908678), (0.97725123, -0.017527146, 0.1977657, 0.07457655), (0.9345119, 9.770789e-9, -0.35593197, 1.5458616e-8), (0.9651625, -0.2568179, 0.04590276, -0.019970959), (0.2661125, -0.96353, -0.027243732, -0.007202008), (0.6941694, 0.71867347, -0.03904542, -0.010621009), (0.71144664, 0.0098463725, -0.70256996, 0.011928119), (0.021232007, 0.65110034, -0.020899842, -0.75840676), (0.93872726, 0.0033612011, -0.34457144, -0.0070988303), (0.6275338, -0.70564395, -0.26977402, -0.18838781), (0.22091898, 0.93317014, 0.27824855, -0.05446155), (0.002450448, -0.66885614, -0.12836197, 0.7322217), (0.6796447, 0.1484718, -0.7180526, -0.020970015), (0.85018414, -0.52554125, -0.031168548, 0.0046886993), (0.644423, -0.21124652, -0.10492912, -0.7273815), (0.30395895, 0.6432388, 0.63539404, 0.3002123), (0.9997794, -0.000036825953, -0.021005392, -4.387959e-7), (0.0051447237, -0.9997662, -0.0001069058, 0.021005286), (0.5031658, 0.5031139, 0.49684057, 0.49684012), (0.23033185, 0.12560439, 0.28987366, -0.9204043), (0.80485296, -0.16812558, 0.15314732, 0.548171), (0.3090167, 6.850464e-9, -0.95105666, 1.7027753e-8), (0.49712232, 0.4770695, -0.22451325, 0.68910664), (0.8599123, 0.34439707, -0.17804901, -0.33202425), (1, 1.862647e-9, 1.11758766e-7, -2.910383e-9), (0.71937764, -3.3498607e-10, 0.6946192, 3.2345707e-10), (0.99376047, 0.054931935, 0.038504492, -0.089106984)],
